322.77
323.04
323.3
323.57
323.83
324.1
324.36
324.62
324.89
325.15
325.42
325.68
325.94
326.21
326.47
326.74
327
327.26
327.53
327.79
328.06
328.32
328.58
328.85
329.11
329.38
329.64
329.9
330.17
330.43
330.7
330.96
331.22
331.49
331.75
332.02
332.28
332.54
332.81
333.07
333.33
333.6
333.86
334.13
334.39
334.65
334.92
335.18
335.44
335.71
335.97
336.24
336.5
336.76
337.03
337.29
337.56
337.82
338.08
338.35
338.61
338.87
339.14
339.4
339.66
339.93
340.19
340.45
340.72
340.98
341.25
341.51
341.77
342.04
342.3
342.56
342.83
343.09
343.35
343.62
343.88
344.14
344.41
344.67
344.93
345.2
345.46
345.72
345.99
346.25
346.51
346.78
347.04
347.3
347.57
347.83
348.09
348.36
348.62
348.88
349.15
