0.067
0.133
0.2
0.267
0.334
0.4
0.467
0.534
0.6
0.667
0.734
0.801
0.867
0.934
1.001
1.067
1.134
1.201
1.268
1.334
1.401
1.468
1.534
1.601
1.668
1.735
1.801
1.868
1.935
2.001
2.068
2.135
2.202
2.268
2.335
2.402
2.468
2.535
2.602
2.669
2.735
2.802
2.869
2.935
3.002
3.069
3.136
3.202
3.269
3.336
3.402
3.469
3.536
3.602
3.669
3.736
3.803
3.869
3.936
4.003
4.069
4.136
4.203
4.27
4.336
4.403
4.47
4.536
4.603
4.67
4.737
4.803
4.87
4.937
5.003
5.07
5.137
5.204
5.27
5.337
5.404
5.47
5.537
5.604
5.671
5.737
5.804
5.871
5.937
6.004
6.071
6.138
6.204
6.271
6.338
6.404
6.471
6.538
6.605
6.671
6.738
6.805
6.871
6.938
7.005
7.072
7.138
7.205
7.272
7.338
7.405
7.472
7.539
7.605
7.672
7.739
7.805
7.872
7.939
8.006
8.072
8.139
8.206
8.272
8.339
8.406
8.473
8.539
8.606
8.673
8.739
8.806
8.873
8.94
9.006
9.073
9.14
9.206
9.273
9.34
9.407
9.473
9.54
9.607
9.673
9.74
9.807
9.873
9.94
10.007
10.074
10.14
10.207
10.274
10.34
10.407
10.474
10.541
10.607
10.674
10.741
10.807
10.874
10.941
11.008
11.074
11.141
11.208
11.274
11.341
11.408
11.475
11.541
11.608
11.675
11.741
11.808
11.875
11.942
12.008
12.075
12.142
12.208
12.275
12.342
12.409
12.475
12.542
12.609
12.675
12.742
12.809
12.876
12.942
13.009
13.076
13.142
13.209
13.276
13.343
13.409
13.476
13.543
13.609
13.676
13.743
13.81
13.876
13.943
14.01
14.076
14.143
14.21
14.277
14.343
14.41
14.477
14.543
14.61
14.677
14.744
14.81
14.877
14.944
15.01
15.077
15.144
15.211
15.277
15.344
15.411
15.477
15.544
15.611
15.678
15.744
15.811
15.878
15.944
16.011
16.078
16.145
16.211
16.278
16.345
16.411
16.478
16.545
16.611
16.678
16.745
16.812
16.878
16.945
17.012
17.078
17.145
17.212
17.279
17.345
17.412
17.479
17.545
17.612
17.679
17.746
17.812
17.879
17.946
18.012
18.079
18.146
18.213
18.279
18.346
18.413
18.479
18.546
18.613
18.68
18.746
18.813
18.88
18.946
19.013
19.08
19.147
19.213
19.28
19.347
19.413
19.48
19.547
19.614
19.68
19.747
19.814
19.88
19.947
20.014
20.081
20.147
20.214
20.281
20.347
20.414
20.481
20.548
20.614
20.681
20.748
20.814
20.881
20.948
21.015
21.081
21.148
21.215
21.281
21.348
21.415
21.482
21.548
21.615
21.682
21.748
21.815
21.882
21.949
22.015
22.082
22.149
22.215
22.282
22.349
22.416
22.482
22.549
22.616
22.682
22.749
22.816
22.882
22.949
23.016
23.083
23.149
23.216
23.283
23.349
23.416
23.483
23.55
23.616
23.683
23.75
23.816
23.883
23.95
24.017
24.083
24.15
24.217
24.283
24.35
24.417
24.484
24.55
24.617
24.684
24.75
24.817
24.884
24.951
25.017
25.084
25.151
25.217
25.284
25.351
25.418
25.484
25.551
25.618
25.684
25.751
25.818
25.885
25.951
26.018
26.085
26.151
26.218
26.285
26.352
26.418
26.485
26.552
26.618
26.685
26.752
26.819
26.885
26.952
27.019
27.085
27.152
27.219
27.286
27.352
27.419
27.486
27.552
27.619
27.686
27.753
27.819
27.886
27.953
28.019
28.086
28.153
28.22
28.286
28.353
28.42
28.486
28.553
28.62
28.687
28.753
28.82
28.887
28.953
29.02
29.087
29.154
29.22
29.287
29.354
29.42
29.487
29.554
29.62
29.687
29.754
29.821
29.887
29.954
30.021
30.087
30.154
30.221
30.288
30.354
30.421
30.488
30.554
30.621
30.688
30.755
30.821
30.888
30.955
31.021
31.088
31.155
31.222
31.288
31.355
31.422
31.488
31.555
31.622
31.689
31.755
31.822
31.889
31.955
32.022
32.089
32.156
32.222
32.289
32.356
32.422
32.489
32.556
32.623
32.689
32.756
32.823
32.889
32.956
33.023
33.09
33.156
33.223
33.29
33.356
33.423
33.49
33.557
33.623
33.69
33.757
33.823
33.89
33.957
34.024
34.09
34.157
34.224
34.29
34.357
34.424
34.491
34.557
34.624
34.691
34.757
34.824
34.891
34.958
35.024
35.091
35.158
35.224
35.291
35.358
35.425
35.491
35.558
35.625
35.691
35.758
35.825
35.891
35.958
36.025
36.092
36.158
36.225
36.292
36.358
36.425
36.492
36.559
36.625
36.692
36.759
36.825
36.892
36.959
37.026
37.092
37.159
37.226
37.292
37.359
37.426
37.493
37.559
37.626
37.693
37.759
37.826
37.893
37.96
38.026
38.093
38.16
38.226
38.293
38.36
38.427
38.493
38.56
38.627
38.693
38.76
38.827
38.894
38.96
39.027
39.094
39.16
39.227
39.294
39.361
39.427
39.494
39.561
39.627
39.694
39.761
39.828
39.894
39.961
40.028
40.094
40.161
40.228
40.295
40.361
40.428
40.495
40.561
40.628
40.695
40.762
40.828
40.895
40.962
41.028
41.095
41.162
41.229
41.295
41.362
41.429
41.495
41.562
41.629
41.696
41.762
41.829
41.896
41.962
42.029
42.096
42.163
42.229
42.296
42.363
42.429
42.496
42.563
42.629
42.696
42.763
42.83
42.896
42.963
43.03
43.096
43.163
43.23
43.297
43.363
43.43
43.497
43.563
43.63
43.697
43.764
43.83
43.897
43.964
44.03
44.097
44.164
44.231
44.297
44.364
44.431
44.497
44.564
44.631
44.698
44.764
44.831
44.898
44.964
45.031
45.098
45.165
45.231
45.298
45.365
45.431
45.498
45.565
45.632
45.698
45.765
45.832
45.898
45.965
46.032
46.099
46.165
46.232
46.299
46.365
46.432
46.499
46.566
46.632
46.699
46.766
46.832
46.899
46.966
47.033
47.099
47.166
47.233
47.299
47.366
47.433
47.5
47.566
47.633
47.7
47.766
47.833
47.9
47.967
48.033
48.1
48.167
48.233
48.3
48.367
48.434
48.5
48.567
48.634
48.7
48.767
48.834
48.9
48.967
49.034
49.101
49.167
49.234
49.301
49.367
49.434
49.501
49.568
49.634
49.701
49.768
49.834
49.901
49.968
50.035
50.101
50.168
50.235
50.301
50.368
50.435
50.502
50.568
50.635
50.702
50.768
50.835
50.902
50.969
51.035
51.102
51.169
51.235
51.302
51.369
51.436
51.502
51.569
51.636
51.702
51.769
51.836
51.903
51.969
52.036
52.103
52.169
52.236
52.303
52.37
52.436
52.503
52.57
52.636
52.703
52.77
52.837
52.903
52.97
53.037
53.103
53.17
53.237
53.304
53.37
53.437
53.504
53.57
53.637
53.704
53.771
53.837
53.904
53.971
54.037
54.104
54.171
54.238
54.304
54.371
54.438
54.504
54.571
54.638
54.705
54.771
54.838
54.905
54.971
55.038
55.105
55.172
55.238
55.305
55.372
55.438
55.505
55.572
55.638
55.705
55.772
55.839
55.905
55.972
56.039
56.105
56.172
56.239
56.306
56.372
56.439
56.506
56.572
56.639
56.706
56.773
56.839
56.906
56.973
57.039
57.106
57.173
57.24
57.306
57.373
57.44
57.506
57.573
57.64
57.707
57.773
57.84
57.907
57.973
58.04
58.107
58.174
58.24
58.307
58.374
58.44
58.507
58.574
58.641
58.707
58.774
58.841
58.907
58.974
59.041
59.108
59.174
59.241
59.308
59.374
59.441
59.508
59.575
59.641
59.708
59.775
59.841
59.908
59.975
60.042
60.108
60.175
60.242
60.308
60.375
60.442
60.509
60.575
60.642
60.709
60.775
60.842
60.909
60.976
61.042
61.109
61.176
61.242
61.309
61.376
61.443
61.509
61.576
61.643
61.709
61.776
61.843
61.909
61.976
62.043
62.11
62.176
62.243
62.31
62.376
62.443
62.51
62.577
62.643
62.71
62.777
62.843
62.91
62.977
63.044
63.11
63.177
63.244
63.31
63.377
63.444
63.511
63.577
63.644
63.711
63.777
63.844
63.911
63.978
64.044
64.111
64.178
64.244
64.311
64.378
64.445
64.511
64.578
64.645
64.711
64.778
64.845
64.912
64.978
65.045
65.112
65.178
65.245
65.312
65.379
65.445
65.512
65.579
65.645
65.712
65.779
65.846
65.912
65.979
66.046
66.112
66.179
66.246
66.313
66.379
66.446
66.513
66.579
66.646
66.713
66.78
66.846
66.913
66.98
67.046
67.113
67.18
67.247
67.313
67.38
67.447
67.513
67.58
67.647
67.714
67.78
67.847
67.914
67.98
68.047
68.114
68.181
68.247
68.314
68.381
68.447
68.514
68.581
68.647
68.714
68.781
68.848
68.914
68.981
69.048
69.114
69.181
69.248
69.315
69.381
69.448
69.515
69.581
69.648
69.715
69.782
69.848
69.915
69.982
70.048
70.115
70.182
70.249
70.315
70.382
70.449
70.515
70.582
70.649
70.716
70.782
70.849
70.916
70.982
71.049
71.116
71.183
71.249
71.316
71.383
71.449
71.516
71.583
71.65
71.716
71.783
71.85
71.916
71.983
72.05
72.117
72.183
72.25
72.317
72.383
72.45
72.517
72.584
72.65
72.717
72.784
72.85
72.917
72.984
73.051
73.117
73.184
73.251
73.317
73.384
73.451
73.518
73.584
73.651
73.718
73.784
73.851
73.918
73.985
74.051
74.118
74.185
74.251
74.318
74.385
74.452
74.518
74.585
74.652
74.718
74.785
74.852
74.918
74.985
75.052
75.119
75.185
75.252
75.319
75.385
75.452
75.519
75.586
75.652
75.719
75.786
75.852
75.919
75.986
76.053
76.119
76.186
76.253
76.319
76.386
76.453
76.52
76.586
76.653
76.72
76.786
76.853
76.92
76.987
77.053
77.12
77.187
77.253
77.32
77.387
77.454
77.52
77.587
77.654
77.72
77.787
77.854
77.921
77.987
78.054
78.121
78.187
78.254
78.321
78.388
78.454
78.521
78.588
78.654
78.721
78.788
78.855
78.921
78.988
79.055
79.121
79.188
79.255
79.322
79.388
79.455
79.522
79.588
79.655
79.722
79.789
79.855
79.922
79.989
80.055
80.122
80.189
80.256
80.322
80.389
80.456
80.522
80.589
80.656
80.723
80.789
80.856
80.923
80.989
81.056
81.123
81.19
81.256
81.323
81.39
81.456
81.523
81.59
81.656
81.723
81.79
81.857
81.923
81.99
82.057
82.123
82.19
82.257
82.324
82.39
82.457
82.524
82.59
82.657
82.724
82.791
82.857
82.924
82.991
83.057
83.124
83.191
83.258
83.324
83.391
83.458
83.524
83.591
83.658
83.725
83.791
83.858
83.925
83.991
84.058
84.125
84.192
84.258
84.325
84.392
84.458
84.525
84.592
84.659
84.725
84.792
84.859
84.925
84.992
85.059
85.126
85.192
85.259
85.326
85.392
85.459
85.526
85.593
85.659
85.726
85.793
85.859
85.926
85.993
86.06
86.126
86.193
86.26
86.326
86.393
86.46
86.527
86.593
86.66
86.727
86.793
86.86
86.927
86.994
87.06
87.127
87.194
87.26
87.327
87.394
87.461
87.527
87.594
87.661
87.727
87.794
87.861
87.927
87.994
88.061
88.128
88.194
88.261
88.328
88.394
88.461
88.528
88.595
88.661
88.728
88.795
88.861
88.928
88.995
89.062
89.128
89.195
89.262
89.328
89.395
89.462
89.529
89.595
89.662
89.729
89.795
89.862
89.929
89.996
90.062
90.129
90.196
90.262
90.329
90.396
90.463
90.529
90.596
90.663
90.729
90.796
90.863
90.93
90.996
91.063
91.13
91.196
91.263
91.33
91.397
91.463
91.53
91.597
91.663
91.73
91.797
91.864
91.93
91.997
92.064
92.13
92.197
92.264
92.331
92.397
92.464
92.531
92.597
92.664
92.731
92.798
92.864
92.931
92.998
93.064
93.131
93.198
93.265
93.331
93.398
93.465
93.531
93.598
93.665
93.732
93.798
93.865
93.932
93.998
94.065
94.132
94.199
94.265
94.332
94.399
94.465
94.532
94.599
94.665
94.732
94.799
94.866
94.932
94.999
95.066
95.132
95.199
95.266
95.333
95.399
95.466
95.533
95.599
95.666
95.733
95.8
95.866
95.933
96
96.066
96.133
96.2
96.267
96.333
96.4
96.467
96.533
96.6
96.667
96.734
96.8
96.867
96.934
97
97.067
97.134
97.201
97.267
97.334
97.401
97.467
97.534
97.601
97.668
97.734
97.801
97.868
97.934
98.001
98.068
98.135
98.201
98.268
98.335
98.401
98.468
98.535
98.602
98.668
98.735
98.802
98.868
98.935
99.002
99.069
99.135
99.202
99.269
99.335
99.402
99.469
99.536
99.602
99.669
99.736
99.802
99.869
99.936
100
100.07
100.14
100.2
100.27
100.34
100.4
100.47
100.54
100.6
100.67
100.74
100.8
100.87
100.94
101
101.07
101.14
101.2
101.27
101.34
101.4
101.47
101.54
101.6
101.67
101.74
101.8
101.87
101.94
102
102.07
102.14
102.2
102.27
102.34
102.4
102.47
102.54
102.6
102.67
102.74
102.8
102.87
102.94
103.01
103.07
103.14
103.21
103.27
103.34
103.41
103.47
103.54
103.61
103.67
103.74
103.81
103.87
103.94
104.01
104.07
104.14
104.21
104.27
104.34
104.41
104.47
104.54
104.61
104.67
104.74
104.81
104.87
104.94
105.01
105.07
105.14
105.21
105.27
105.34
105.41
105.47
105.54
105.61
105.67
105.74
105.81
105.87
105.94
106.01
106.07
106.14
106.21
106.27
106.34
106.41
106.47
106.54
106.61
106.67
106.74
106.81
106.87
106.94
107.01
107.07
107.14
107.21
107.27
107.34
107.41
107.47
107.54
107.61
107.67
107.74
107.81
107.88
107.94
108.01
108.08
108.14
108.21
108.28
108.34
108.41
108.47
108.54
108.61
108.68
108.74
108.81
108.88
108.94
109.01
109.08
109.14
109.21
109.28
109.34
109.41
109.48
109.54
109.61
109.68
109.74
109.81
109.88
109.94
110.01
110.08
110.14
110.21
110.28
110.34
110.41
110.48
110.54
110.61
110.68
110.74
110.81
110.88
110.94
111.01
111.08
111.14
111.21
111.28
111.34
111.41
111.48
111.54
111.61
111.68
111.74
111.81
111.88
111.94
112.01
112.08
112.14
112.21
112.28
112.34
112.41
112.48
112.55
112.61
112.68
112.75
112.81
112.88
112.94
113.01
113.08
113.15
113.21
113.28
113.35
113.41
113.48
113.55
113.61
113.68
113.75
113.81
113.88
113.94
114.01
114.08
114.15
114.21
114.28
114.35
114.41
114.48
114.55
114.61
114.68
114.75
114.81
114.88
114.95
115.01
115.08
115.15
115.21
115.28
115.35
115.41
115.48
115.55
115.61
115.68
115.75
115.81
115.88
115.95
116.01
116.08
116.15
116.21
116.28
116.35
116.41
116.48
116.55
116.61
116.68
116.75
116.81
116.88
116.95
117.01
117.08
117.15
117.21
117.28
117.35
117.42
117.48
117.55
117.61
117.68
117.75
117.82
117.88
117.95
118.02
118.08
118.15
118.22
118.28
118.35
118.42
118.48
118.55
118.61
118.68
118.75
118.82
118.88
118.95
119.02
119.08
119.15
119.22
119.28
119.35
119.42
119.48
119.55
119.62
119.68
119.75
119.82
119.88
119.95
120.02
120.08
120.15
120.22
120.28
120.35
120.42
120.48
120.55
120.62
120.68
120.75
120.82
120.88
120.95
121.02
121.08
121.15
121.22
121.28
121.35
121.42
121.48
121.55
121.62
121.68
121.75
121.82
121.88
121.95
122.02
122.08
122.15
122.22
122.29
122.35
122.42
122.49
122.55
122.62
122.69
122.75
122.82
122.89
122.95
123.02
123.08
123.15
123.22
123.29
123.35
123.42
123.49
123.55
123.62
123.69
123.75
123.82
123.89
123.95
124.02
124.09
124.15
124.22
124.29
124.35
124.42
124.49
124.55
124.62
124.69
124.75
124.82
124.89
124.95
125.02
125.09
125.15
125.22
125.29
125.35
125.42
125.49
125.55
125.62
125.69
125.75
125.82
125.89
125.95
126.02
126.09
126.15
126.22
126.29
126.35
126.42
126.49
126.55
126.62
126.69
126.75
126.82
126.89
126.95
127.02
127.09
127.16
127.22
127.29
127.36
127.42
127.49
127.56
127.62
127.69
127.76
127.82
127.89
127.96
128.02
128.09
128.16
128.22
128.29
128.35
128.42
128.49
128.56
128.62
128.69
128.76
128.82
128.89
128.96
129.02
129.09
129.16
129.22
129.29
129.36
129.42
129.49
129.56
129.62
129.69
129.76
129.82
129.89
129.96
130.02
130.09
130.16
130.22
130.29
130.36
130.42
130.49
130.56
130.62
130.69
130.76
130.82
130.89
130.96
131.02
131.09
131.16
131.22
131.29
131.36
131.42
131.49
131.56
131.62
131.69
131.76
131.82
131.89
131.96
132.03
132.09
132.16
132.22
132.29
132.36
132.43
132.49
132.56
132.63
132.69
132.76
132.82
132.89
132.96
133.03
133.09
133.16
133.22
133.29
133.36
133.43
133.49
133.56
133.63
133.69
133.76
133.83
133.89
133.96
134.03
134.09
134.16
134.23
134.29
134.36
134.43
134.49
134.56
134.63
134.69
134.76
134.83
134.89
134.96
135.03
135.09
135.16
135.23
135.29
135.36
135.43
135.49
135.56
135.63
135.69
135.76
135.83
135.89
135.96
136.03
136.09
136.16
136.23
136.29
136.36
136.43
136.49
136.56
136.63
136.69
136.76
136.83
136.9
136.96
137.03
137.1
137.16
137.23
137.29
137.36
137.43
137.5
137.56
137.63
137.69
137.76
137.83
137.9
137.96
138.03
138.1
138.16
138.23
138.3
138.36
138.43
138.5
138.56
138.63
138.7
138.76
138.83
138.9
138.96
139.03
139.1
139.16
139.23
139.3
139.36
139.43
139.5
139.56
139.63
139.7
139.76
139.83
139.9
139.96
140.03
140.1
140.16
140.23
140.3
140.36
140.43
140.5
140.56
140.63
140.7
140.76
140.83
140.9
140.96
141.03
141.1
141.16
141.23
141.3
141.36
141.43
141.5
141.57
141.63
141.7
141.76
141.83
141.9
141.97
142.03
142.1
142.16
142.23
142.3
142.37
142.43
142.5
142.57
142.63
142.7
142.76
142.83
142.9
142.97
143.03
143.1
143.17
143.23
143.3
143.37
143.43
143.5
143.57
143.63
143.7
143.77
143.83
143.9
143.97
144.03
144.1
144.17
144.23
144.3
144.37
144.43
144.5
144.57
144.63
144.7
144.77
144.83
144.9
144.97
145.03
145.1
145.17
145.23
145.3
145.37
145.43
145.5
145.57
145.63
145.7
145.77
145.83
145.9
145.97
146.03
146.1
146.17
146.23
146.3
146.37
146.44
146.5
146.57
146.63
146.7
146.77
146.84
146.9
146.97
147.04
147.1
147.17
147.24
147.3
147.37
147.44
147.5
147.57
147.63
147.7
147.77
147.84
147.9
147.97
148.04
148.1
148.17
148.24
148.3
148.37
148.44
148.5
148.57
148.64
148.7
148.77
148.84
148.9
148.97
149.04
149.1
149.17
149.24
149.3
149.37
149.44
149.5
149.57
149.64
149.7
149.77
149.84
149.9
149.97
150.04
150.1
150.17
150.24
150.3
150.37
150.44
150.5
150.57
150.64
150.7
150.77
150.84
150.9
150.97
151.04
151.1
151.17
151.24
151.31
151.37
151.44
151.51
151.57
151.64
151.71
151.77
151.84
151.91
151.97
152.04
152.1
152.17
152.24
152.31
152.37
152.44
152.51
152.57
152.64
152.71
152.77
152.84
152.91
152.97
153.04
153.11
153.17
153.24
153.31
153.37
153.44
153.51
153.57
153.64
153.71
153.77
153.84
153.91
153.97
154.04
154.11
154.17
154.24
154.31
154.37
154.44
154.51
154.57
154.64
154.71
154.77
154.84
154.91
154.97
155.04
155.11
155.17
155.24
155.31
155.37
155.44
155.51
155.57
155.64
155.71
155.77
155.84
155.91
155.97
156.04
156.11
156.18
156.24
156.31
156.38
156.44
156.51
156.57
156.64
156.71
156.78
156.84
156.91
156.97
157.04
157.11
157.18
157.24
157.31
157.38
157.44
157.51
157.58
157.64
157.71
157.78
157.84
157.91
157.98
158.04
158.11
158.18
158.24
158.31
158.38
158.44
158.51
158.58
158.64
158.71
158.78
158.84
158.91
158.98
159.04
159.11
159.18
159.24
159.31
159.38
159.44
159.51
159.58
159.64
159.71
159.78
159.84
159.91
159.98
160.04
160.11
160.18
160.24
160.31
160.38
160.44
160.51
160.58
160.64
160.71
160.78
160.85
160.91
160.98
161.04
161.11
161.18
161.25
161.31
161.38
161.44
161.51
161.58
161.65
161.71
161.78
161.85
161.91
161.98
162.04
162.11
162.18
162.25
162.31
162.38
162.45
162.51
162.58
162.65
162.71
162.78
162.85
162.91
162.98
163.05
163.11
163.18
163.25
163.31
163.38
163.45
163.51
163.58
163.65
163.71
163.78
163.85
163.91
163.98
164.05
164.11
164.18
164.25
164.31
164.38
164.45
164.51
164.58
164.65
164.71
164.78
164.85
164.91
164.98
165.05
165.11
165.18
165.25
165.31
165.38
165.45
165.51
165.58
165.65
165.72
165.78
165.85
165.91
165.98
166.05
166.12
166.18
166.25
166.32
166.38
166.45
166.51
166.58
166.65
166.72
166.78
166.85
166.91
166.98
167.05
167.12
167.18
167.25
167.32
167.38
167.45
167.52
167.58
167.65
167.72
167.78
167.85
167.92
167.98
168.05
168.12
168.18
168.25
168.32
168.38
168.45
168.52
168.58
168.65
168.72
168.78
168.85
168.92
168.98
169.05
169.12
169.18
169.25
169.32
169.38
169.45
169.52
169.58
169.65
169.72
169.78
169.85
169.92
169.98
170.05
170.12
170.18
170.25
170.32
170.38
170.45
170.52
170.59
170.65
170.72
170.79
170.85
170.92
170.99
171.05
171.12
171.19
171.25
171.32
171.38
171.45
171.52
171.59
171.65
171.72
171.79
171.85
171.92
171.99
172.05
172.12
172.19
172.25
172.32
172.39
172.45
172.52
172.59
172.65
172.72
172.79
172.85
172.92
172.99
173.05
173.12
173.19
173.25
173.32
173.39
173.45
173.52
173.59
173.65
173.72
173.79
173.85
173.92
173.99
174.05
174.12
174.19
174.25
174.32
174.39
174.45
174.52
174.59
174.65
174.72
174.79
174.85
174.92
174.99
175.05
175.12
175.19
175.26
175.32
175.39
175.46
175.52
175.59
175.66
175.72
175.79
175.85
175.92
175.99
176.06
176.12
176.19
176.26
176.32
176.39
176.46
176.52
176.59
176.66
176.72
176.79
176.86
176.92
176.99
177.06
177.12
177.19
177.26
177.32
177.39
177.46
177.52
177.59
177.66
177.72
177.79
177.86
177.92
177.99
178.06
178.12
178.19
178.26
178.32
178.39
178.46
178.52
178.59
178.66
178.72
178.79
178.86
178.92
178.99
179.06
179.12
179.19
179.26
179.32
179.39
179.46
179.52
179.59
179.66
179.72
179.79
179.86
179.92
179.99
180.06
180.13
180.19
180.26
180.32
180.39
180.46
180.53
180.59
180.66
180.72
180.79
180.86
180.93
180.99
181.06
181.13
181.19
181.26
181.32
181.39
181.46
181.53
181.59
181.66
181.73
181.79
181.86
181.93
181.99
182.06
182.13
182.19
182.26
182.33
182.39
182.46
182.53
182.59
182.66
182.73
182.79
182.86
182.93
182.99
183.06
183.13
183.19
183.26
183.33
183.39
183.46
183.53
183.59
183.66
183.73
183.79
183.86
183.93
183.99
184.06
184.13
184.19
184.26
184.33
184.39
184.46
184.53
184.59
184.66
184.73
184.79
184.86
184.93
185
185.06
185.13
185.19
185.26
185.33
185.4
185.46
185.53
185.6
185.66
185.73
185.79
185.86
185.93
186
186.06
186.13
186.19
186.26
186.33
186.4
186.46
186.53
186.6
186.66
186.73
186.8
186.86
186.93
187
187.06
187.13
187.2
187.26
187.33
187.4
187.46
187.53
187.6
187.66
187.73
187.8
187.86
187.93
188
188.06
188.13
188.2
188.26
188.33
188.4
188.46
188.53
188.6
188.66
188.73
188.8
188.86
188.93
189
189.06
189.13
189.2
189.26
189.33
189.4
189.46
189.53
189.6
189.66
189.73
189.8
189.87
189.93
190
190.07
190.13
190.2
190.26
190.33
190.4
190.47
190.53
190.6
190.66
190.73
190.8
190.87
190.93
191
191.07
191.13
191.2
191.27
191.33
191.4
191.47
191.53
191.6
191.67
191.73
191.8
191.87
191.93
192
192.07
192.13
192.2
192.27
192.33
192.4
192.47
192.53
192.6
192.67
192.73
192.8
192.87
192.93
193
193.07
193.13
193.2
193.27
193.33
193.4
193.47
193.53
193.6
193.67
193.73
193.8
193.87
193.93
194
194.07
194.13
194.2
194.27
194.33
194.4
194.47
194.54
194.6
194.67
194.74
194.8
194.87
194.94
195
195.07
195.13
195.2
195.27
195.34
195.4
195.47
195.54
195.6
195.67
195.74
195.8
195.87
195.94
196
196.07
196.14
196.2
196.27
196.34
196.4
196.47
196.54
196.6
196.67
196.74
196.8
196.87
196.94
197
197.07
197.14
197.2
197.27
197.34
197.4
197.47
197.54
197.6
197.67
197.74
197.8
197.87
197.94
198
198.07
198.14
198.2
198.27
198.34
198.4
198.47
198.54
198.6
198.67
198.74
198.8
198.87
198.94
199
199.07
199.14
199.2
199.27
199.34
199.41
199.47
199.54
199.6
199.67
199.74
199.81
199.87
199.94
200.01
200.07
200.14
200.21
200.27
200.34
200.41
200.47
200.54
200.6
200.67
200.74
200.81
200.87
200.94
201.01
201.07
201.14
201.21
201.27
201.34
201.41
201.47
201.54
201.61
201.67
201.74
201.81
201.87
201.94
202.01
202.07
202.14
202.21
202.27
202.34
202.41
202.47
202.54
202.61
202.67
202.74
202.81
202.87
202.94
203.01
203.07
203.14
203.21
203.27
203.34
203.41
203.47
203.54
203.61
203.67
203.74
203.81
203.87
203.94
204.01
204.07
204.14
204.21
204.28
204.34
204.41
204.47
204.54
204.61
204.68
204.74
204.81
204.88
204.94
205.01
205.07
205.14
205.21
205.28
205.34
205.41
205.47
205.54
205.61
205.68
205.74
205.81
205.88
205.94
206.01
206.08
206.14
206.21
206.28
206.34
206.41
206.48
206.54
206.61
206.68
206.74
206.81
206.88
206.94
207.01
207.08
207.14
207.21
207.28
207.34
207.41
207.48
207.54
207.61
207.68
207.74
207.81
207.88
207.94
208.01
208.08
208.14
208.21
208.28
208.34
208.41
208.48
208.54
208.61
208.68
208.74
208.81
208.88
208.94
209.01
209.08
209.15
209.21
209.28
209.35
209.41
209.48
209.54
209.61
209.68
209.75
209.81
209.88
209.94
210.01
210.08
210.15
210.21
210.28
210.35
210.41
210.48
210.55
210.61
210.68
210.75
210.81
210.88
210.95
211.01
211.08
211.15
211.21
211.28
211.35
211.41
211.48
211.55
211.61
211.68
211.75
211.81
211.88
211.95
212.01
212.08
212.15
212.21
212.28
212.35
212.41
212.48
212.55
212.61
212.68
212.75
212.81
212.88
212.95
213.01
213.08
213.15
213.21
213.28
213.35
213.41
213.48
213.55
213.61
213.68
213.75
213.82
213.88
213.95
214.01
214.08
214.15
214.22
214.28
214.35
214.41
214.48
214.55
214.62
214.68
214.75
214.82
214.88
214.95
215.01
215.08
215.15
215.22
215.28
215.35
215.42
215.48
215.55
215.62
215.68
215.75
215.82
215.88
215.95
216.02
216.08
216.15
216.22
216.28
216.35
216.42
216.48
216.55
216.62
216.68
216.75
216.82
216.88
216.95
217.02
217.08
217.15
217.22
217.28
217.35
217.42
217.48
217.55
217.62
217.68
217.75
217.82
217.88
217.95
218.02
218.08
218.15
218.22
218.28
218.35
218.42
218.48
218.55
218.62
218.69
218.75
218.82
218.88
218.95
219.02
219.09
219.15
219.22
219.29
219.35
219.42
219.49
219.55
219.62
219.69
219.75
219.82
219.88
219.95
220.02
220.09
220.15
220.22
220.29
220.35
220.42
220.49
220.55
220.62
220.69
220.75
220.82
220.89
220.95
221.02
221.09
221.15
221.22
221.29
221.35
221.42
221.49
221.55
221.62
221.69
221.75
221.82
221.89
221.95
222.02
222.09
222.15
222.22
222.29
222.35
222.42
222.49
222.55
222.62
222.69
222.75
222.82
222.89
222.95
223.02
223.09
223.15
223.22
223.29
223.35
223.42
223.49
223.56
223.62
223.69
223.76
223.82
223.89
223.96
224.02
224.09
224.16
224.22
224.29
224.35
224.42
224.49
224.56
224.62
224.69
224.76
224.82
224.89
224.96
225.02
225.09
225.16
225.22
225.29
225.36
225.42
225.49
225.56
225.62
225.69
225.76
225.82
225.89
225.96
226.02
226.09
226.16
226.22
226.29
226.36
226.42
226.49
226.56
226.62
226.69
226.76
226.82
226.89
226.96
227.02
227.09
227.16
227.22
227.29
227.36
227.42
227.49
227.56
227.62
227.69
227.76
227.82
227.89
227.96
228.02
228.09
228.16
228.22
228.29
228.36
228.43
228.49
228.56
228.63
228.69
228.76
228.82
228.89
228.96
229.03
229.09
229.16
229.22
229.29
229.36
229.43
229.49
229.56
229.63
229.69
229.76
229.83
229.89
229.96
230.03
230.09
230.16
230.23
230.29
230.36
230.43
230.49
230.56
230.63
230.69
230.76
230.83
230.89
230.96
231.03
231.09
231.16
231.23
231.29
231.36
231.43
231.49
231.56
231.63
231.69
231.76
231.83
231.89
231.96
232.03
232.09
232.16
232.23
232.29
232.36
232.43
232.49
232.56
232.63
232.69
232.76
232.83
232.89
232.96
233.03
233.1
233.16
233.23
233.29
233.36
233.43
233.5
233.56
233.63
233.69
233.76
233.83
233.9
233.96
234.03
234.1
234.16
234.23
234.29
234.36
234.43
234.5
234.56
234.63
234.7
234.76
234.83
234.9
234.96
235.03
235.1
235.16
235.23
235.3
235.36
235.43
235.5
235.56
235.63
235.7
235.76
235.83
235.9
235.96
236.03
236.1
236.16
236.23
236.3
236.36
236.43
236.5
236.56
236.63
236.7
236.76
236.83
236.9
236.96
237.03
237.1
237.16
237.23
237.3
237.36
237.43
237.5
237.56
237.63
237.7
237.76
237.83
237.9
237.97
238.03
238.1
238.16
238.23
238.3
238.37
238.43
238.5
238.57
238.63
238.7
238.76
238.83
238.9
238.97
239.03
239.1
239.16
239.23
239.3
239.37
239.43
239.5
239.57
239.63
239.7
239.77
239.83
239.9
239.97
240.03
240.1
240.17
240.23
240.3
240.37
240.43
240.5
240.57
240.63
240.7
240.77
240.83
240.9
240.97
241.03
241.1
241.17
241.23
241.3
241.37
241.43
241.5
241.57
241.63
241.7
241.77
241.83
241.9
241.97
242.03
242.1
242.17
242.23
242.3
242.37
242.43
242.5
242.57
242.63
242.7
242.77
242.84
242.9
242.97
243.04
243.1
243.17
243.24
243.3
243.37
243.44
243.5
243.57
243.63
243.7
243.77
243.84
243.9
243.97
244.04
244.1
244.17
244.24
244.3
244.37
244.44
244.5
244.57
244.64
244.7
244.77
244.84
244.9
244.97
245.04
245.1
245.17
245.24
245.3
245.37
245.44
245.5
245.57
245.64
245.7
245.77
245.84
245.9
245.97
246.04
246.1
246.17
246.24
246.3
246.37
246.44
246.5
246.57
246.64
246.7
246.77
246.84
246.9
246.97
247.04
247.1
247.17
247.24
247.3
247.37
247.44
247.51
247.57
247.64
247.71
247.77
247.84
247.91
247.97
248.04
248.1
248.17
248.24
248.31
248.37
248.44
248.51
248.57
248.64
248.71
248.77
248.84
248.91
248.97
249.04
249.11
249.17
249.24
249.31
249.37
249.44
249.51
249.57
249.64
249.71
249.77
249.84
249.91
249.97
250.04
250.11
250.17
250.24
250.31
250.37
250.44
250.51
250.57
250.64
250.71
250.77
250.84
250.91
250.97
251.04
251.11
251.17
251.24
251.31
251.37
251.44
251.51
251.57
251.64
251.71
251.77
251.84
251.91
251.97
252.04
252.11
252.17
252.24
252.31
252.38
252.44
252.51
252.57
252.64
252.71
252.78
252.84
252.91
252.97
253.04
253.11
253.18
253.24
253.31
253.38
253.44
253.51
253.57
253.64
253.71
253.78
253.84
253.91
253.98
254.04
254.11
254.18
254.24
254.31
254.38
254.44
254.51
254.58
254.64
254.71
254.78
254.84
254.91
254.98
255.04
255.11
255.18
255.24
255.31
255.38
255.44
255.51
255.58
255.64
255.71
255.78
255.84
255.91
255.98
256.04
256.11
256.18
256.24
256.31
256.38
256.44
256.51
256.58
256.64
256.71
256.78
256.84
256.91
256.98
257.04
257.11
257.18
257.25
257.31
257.38
257.44
257.51
257.58
257.64
257.71
257.78
257.85
257.91
257.98
258.05
258.11
258.18
258.25
258.31
258.38
258.44
258.51
258.58
258.65
258.71
258.78
258.85
258.91
258.98
259.05
259.11
259.18
259.25
259.31
259.38
259.45
259.51
259.58
259.65
259.71
259.78
259.85
259.91
259.98
260.05
260.11
260.18
260.25
260.31
260.38
260.45
260.51
260.58
260.65
260.71
260.78
260.85
260.91
260.98
261.05
261.11
261.18
261.25
261.31
261.38
261.45
261.51
261.58
261.65
261.71
261.78
261.85
261.92
261.98
262.05
262.12
262.18
262.25
262.32
262.38
262.45
262.51
262.58
262.65
262.71
262.78
262.85
262.92
262.98
263.05
263.12
263.18
263.25
263.32
263.38
263.45
263.52
263.58
263.65
263.72
263.78
263.85
263.92
263.98
264.05
264.12
264.18
264.25
264.32
264.38
264.45
264.52
264.58
264.65
264.72
264.78
264.85
264.92
264.98
265.05
265.12
265.18
265.25
265.32
265.38
265.45
265.52
265.58
265.65
265.72
265.78
265.85
265.92
265.98
266.05
266.12
266.18
266.25
266.32
266.38
266.45
266.52
266.58
266.65
266.72
266.79
266.85
266.92
266.99
267.05
267.12
267.19
267.25
267.32
267.38
267.45
267.52
267.58
267.65
267.72
267.79
267.85
267.92
267.99
268.05
268.12
268.19
268.25
268.32
268.39
268.45
268.52
268.59
268.65
268.72
268.79
268.85
268.92
268.99
269.05
269.12
269.19
269.25
269.32
269.39
269.45
269.52
269.59
269.65
269.72
269.79
269.85
269.92
269.99
270.05
270.12
270.19
270.25
270.32
270.39
270.45
270.52
270.59
270.65
270.72
270.79
270.85
270.92
270.99
271.05
271.12
271.19
271.25
271.32
271.39
271.45
271.52
271.59
271.65
271.72
271.79
271.86
271.92
271.99
272.06
272.12
272.19
272.26
272.32
272.39
272.45
272.52
272.59
272.65
272.72
272.79
272.86
272.92
272.99
273.06
273.12
273.19
273.26
273.32
273.39
273.46
273.52
273.59
273.66
273.72
273.79
273.86
273.92
273.99
274.06
274.12
274.19
274.26
274.32
274.39
274.46
274.52
274.59
274.66
274.72
274.79
274.86
274.92
274.99
275.06
275.12
275.19
275.26
275.32
275.39
275.46
275.52
275.59
275.66
275.72
275.79
275.86
275.92
275.99
276.06
276.12
276.19
276.26
276.32
276.39
276.46
276.52
276.59
276.66
276.73
276.79
276.86
276.93
276.99
277.06
277.13
277.19
277.26
277.32
277.39
277.46
277.52
277.59
277.66
277.73
277.79
277.86
277.93
277.99
278.06
278.13
278.19
278.26
278.33
278.39
278.46
278.53
278.59
278.66
278.73
278.79
278.86
278.93
278.99
279.06
279.13
279.19
279.26
279.33
279.39
279.46
279.53
279.59
279.66
279.73
279.79
279.86
279.93
279.99
280.06
280.13
280.19
280.26
280.33
280.39
280.46
280.53
280.59
280.66
280.73
280.79
280.86
280.93
280.99
281.06
281.13
281.19
281.26
281.33
281.39
281.46
281.53
281.6
281.66
281.73
281.8
281.86
281.93
282
282.06
282.13
282.19
282.26
282.33
282.39
282.46
282.53
282.6
282.66
282.73
282.8
282.86
282.93
283
283.06
283.13
283.2
283.26
283.33
283.4
283.46
283.53
283.6
283.66
283.73
283.8
283.86
283.93
284
284.06
284.13
284.2
284.26
284.33
284.4
284.46
284.53
284.6
284.66
284.73
284.8
284.86
284.93
285
285.06
285.13
285.2
285.26
285.33
285.4
285.46
285.53
285.6
285.66
285.73
285.8
285.86
285.93
286
286.07
286.13
286.2
286.26
286.33
286.4
286.46
286.53
286.6
286.67
286.73
286.8
286.87
286.93
287
287.07
287.13
287.2
287.26
287.33
287.4
287.47
287.53
287.6
287.67
287.73
287.8
287.87
287.93
288
288.07
288.13
288.2
288.27
288.33
288.4
288.47
288.53
288.6
288.67
288.73
288.8
288.87
288.93
289
289.07
289.13
289.2
289.27
289.33
289.4
289.47
289.53
289.6
289.67
289.73
289.8
289.87
289.93
290
290.07
290.13
290.2
290.27
290.33
290.4
290.47
290.53
290.6
290.67
290.73
290.8
290.87
290.94
291
291.07
291.13
291.2
291.27
291.33
291.4
291.47
291.54
291.6
291.67
291.74
291.8
291.87
291.94
292
292.07
292.13
292.2
292.27
292.34
292.4
292.47
292.54
292.6
292.67
292.74
292.8
292.87
292.94
293
293.07
293.14
293.2
293.27
293.34
293.4
293.47
293.54
293.6
293.67
293.74
293.8
293.87
293.94
294
294.07
294.14
294.2
294.27
294.34
294.4
294.47
294.54
294.6
294.67
294.74
294.8
294.87
294.94
295
295.07
295.14
295.2
295.27
295.34
295.4
295.47
295.54
295.61
295.67
295.74
295.81
295.87
295.94
296.01
296.07
296.14
296.2
296.27
296.34
296.4
296.47
296.54
296.61
296.67
296.74
296.81
296.87
296.94
297.01
297.07
297.14
297.21
297.27
297.34
297.41
297.47
297.54
297.61
297.67
297.74
297.81
297.87
297.94
298.01
298.07
298.14
298.21
298.27
298.34
298.41
298.47
298.54
298.61
298.67
298.74
298.81
298.87
298.94
299.01
299.07
299.14
299.21
299.27
299.34
299.41
299.47
299.54
299.61
299.67
299.74
299.81
299.87
299.94
300.01
300.07
300.14
300.21
300.27
300.34
300.41
300.48
300.54
300.61
300.68
300.74
300.81
300.88
300.94
301.01
301.07
301.14
301.21
301.27
301.34
301.41
301.48
301.54
301.61
301.68
301.74
301.81
301.88
301.94
302.01
302.08
302.14
302.21
302.28
302.34
302.41
302.48
302.54
302.61
302.68
302.74
302.81
302.88
302.94
303.01
303.08
303.14
303.21
303.28
303.34
303.41
303.48
303.54
303.61
303.68
303.74
303.81
303.88
303.94
304.01
304.08
304.14
304.21
304.28
304.34
304.41
304.48
304.54
304.61
304.68
304.74
304.81
304.88
304.94
305.01
305.08
305.14
305.21
305.28
305.35
305.41
305.48
305.55
305.61
305.68
305.75
305.81
305.88
305.94
306.01
306.08
306.14
306.21
306.28
306.35
306.41
306.48
306.55
306.61
306.68
306.75
306.81
306.88
306.95
307.01
307.08
307.15
307.21
307.28
307.35
307.41
307.48
307.55
307.61
307.68
307.75
307.81
307.88
307.95
308.01
308.08
308.15
308.21
308.28
308.35
308.41
308.48
308.55
308.61
308.68
308.75
308.81
308.88
308.95
309.01
309.08
309.15
309.21
309.28
309.35
309.41
309.48
309.55
309.61
309.68
309.75
309.81
309.88
309.95
310.01
310.08
310.15
310.21
310.28
310.35
310.42
310.48
310.55
310.62
310.68
310.75
310.82
310.88
310.95
311.01
311.08
311.15
311.21
311.28
311.35
311.42
311.48
311.55
311.62
311.68
311.75
311.82
311.88
311.95
312.02
312.08
312.15
312.22
312.28
312.35
312.42
312.48
312.55
312.62
312.68
312.75
312.82
312.88
312.95
313.02
313.08
313.15
313.22
313.28
313.35
313.42
313.48
313.55
313.62
313.68
313.75
313.82
313.88
313.95
314.02
314.08
314.15
314.22
314.28
314.35
314.42
314.48
314.55
314.62
314.68
314.75
314.82
314.88
314.95
315.02
315.08
315.15
315.22
315.29
315.35
315.42
315.49
315.55
315.62
315.69
315.75
315.82
315.88
315.95
316.02
316.08
316.15
316.22
316.29
316.35
316.42
316.49
316.55
316.62
316.69
316.75
316.82
316.89
316.95
317.02
317.09
317.15
317.22
317.29
317.35
317.42
317.49
317.55
317.62
317.69
317.75
317.82
317.89
317.95
318.02
318.09
318.15
318.22
318.29
318.35
318.42
318.49
318.55
318.62
318.69
318.75
318.82
318.89
318.95
319.02
319.09
319.15
319.22
319.29
319.35
319.42
319.49
319.55
319.62
319.69
319.76
319.82
319.89
319.95
320.02
320.09
320.15
320.22
320.29
320.36
320.42
320.49
320.56
320.62
320.69
320.76
320.82
320.89
320.95
321.02
321.09
321.16
321.22
321.29
321.36
321.42
321.49
321.56
321.62
321.69
321.76
321.82
321.89
321.96
322.02
322.09
322.16
322.22
322.29
322.36
322.42
322.49
322.56
322.62
322.69
322.76
322.82
322.89
322.96
323.02
323.09
323.16
323.22
323.29
323.36
323.42
323.49
323.56
323.62
323.69
323.76
323.82
323.89
323.96
324.02
324.09
324.16
324.22
324.29
324.36
324.42
324.49
324.56
324.63
324.69
324.76
324.82
324.89
324.96
325.02
325.09
325.16
325.23
325.29
325.36
325.43
325.49
325.56
325.63
325.69
325.76
325.82
325.89
325.96
326.03
326.09
326.16
326.23
326.29
326.36
326.43
326.49
326.56
326.63
326.69
326.76
326.83
326.89
326.96
327.03
327.09
327.16
327.23
327.29
327.36
327.43
327.49
327.56
327.63
327.69
327.76
327.83
327.89
327.96
328.03
328.09
328.16
328.23
328.29
328.36
328.43
328.49
328.56
328.63
328.69
328.76
328.83
328.89
328.96
329.03
329.09
329.16
329.23
329.29
329.36
329.43
329.5
329.56
329.63
329.69
329.76
329.83
329.89
329.96
330.03
330.1
330.16
330.23
330.3
330.36
330.43
330.5
330.56
330.63
330.69
330.76
330.83
330.9
330.96
331.03
331.1
331.16
331.23
331.3
331.36
331.43
331.5
331.56
331.63
331.7
331.76
331.83
331.9
331.96
332.03
332.1
332.16
332.23
332.3
332.36
332.43
332.5
332.56
332.63
332.7
332.76
332.83
332.9
332.96
333.03
333.1
333.16
333.23
333.3
333.36
333.43
333.5
333.56
333.63
333.7
333.76
333.83
333.9
333.96
334.03
334.1
334.17
334.23
334.3
334.37
334.43
334.5
334.57
334.63
334.7
334.76
334.83
334.9
334.96
335.03
335.1
335.17
335.23
335.3
335.37
335.43
335.5
335.57
335.63
335.7
335.77
335.83
335.9
335.97
336.03
336.1
336.17
336.23
336.3
336.37
336.43
336.5
336.57
336.63
336.7
336.77
336.83
336.9
336.97
337.03
337.1
337.17
337.23
337.3
337.37
337.43
337.5
337.57
337.63
337.7
337.77
337.83
337.9
337.97
338.03
338.1
338.17
338.23
338.3
338.37
338.43
338.5
338.57
338.63
338.7
338.77
338.83
338.9
338.97
339.04
339.1
339.17
339.24
339.3
339.37
339.44
339.5
339.57
339.63
339.7
339.77
339.83
339.9
339.97
340.04
340.1
340.17
340.24
340.3
340.37
340.44
340.5
340.57
340.64
340.7
340.77
340.84
340.9
340.97
341.04
341.1
341.17
341.24
341.3
341.37
341.44
341.5
341.57
341.64
341.7
341.77
341.84
341.9
341.97
342.04
342.1
342.17
342.24
342.3
342.37
342.44
342.5
342.57
342.64
342.7
342.77
342.84
342.9
342.97
343.04
343.1
343.17
343.24
343.3
343.37
343.44
343.5
343.57
343.64
343.7
343.77
343.84
343.9
343.97
344.04
344.11
344.17
344.24
344.31
344.37
344.44
344.51
344.57
344.64
344.7
344.77
344.84
344.9
344.97
345.04
345.11
345.17
345.24
345.31
345.37
345.44
345.51
345.57
345.64
345.71
345.77
345.84
345.91
345.97
346.04
346.11
346.17
346.24
346.31
346.37
346.44
346.51
346.57
346.64
346.71
346.77
346.84
346.91
346.97
347.04
347.11
347.17
347.24
347.31
347.37
347.44
347.51
347.57
347.64
347.71
347.77
347.84
347.91
347.97
348.04
348.11
348.17
348.24
348.31
348.37
348.44
348.51
348.57
348.64
348.71
348.77
348.84
348.91
348.98
349.04
349.11
349.18
349.24
349.31
349.38
349.44
349.51
349.57
349.64
349.71
349.77
349.84
349.91
349.98
350.04
350.11
350.18
350.24
350.31
350.38
350.44
350.51
350.58
350.64
350.71
350.78
350.84
350.91
350.98
351.04
351.11
351.18
351.24
351.31
351.38
351.44
351.51
351.58
351.64
351.71
351.78
351.84
351.91
351.98
352.04
352.11
352.18
352.24
352.31
352.38
352.44
352.51
352.58
352.64
352.71
352.78
352.84
352.91
352.98
353.04
353.11
353.18
353.24
353.31
353.38
353.44
353.51
353.58
353.64
353.71
353.78
353.85
353.91
353.98
354.05
354.11
354.18
354.25
354.31
354.38
354.44
354.51
354.58
354.64
354.71
354.78
354.85
354.91
354.98
355.05
355.11
355.18
355.25
355.31
355.38
355.45
355.51
355.58
355.65
355.71
355.78
355.85
355.91
355.98
356.05
356.11
356.18
356.25
356.31
356.38
356.45
356.51
356.58
356.65
356.71
356.78
356.85
356.91
356.98
357.05
357.11
357.18
357.25
357.31
357.38
357.45
357.51
357.58
357.65
357.71
357.78
357.85
357.91
357.98
358.05
358.11
358.18
358.25
358.32
358.38
358.45
358.51
358.58
358.65
358.71
358.78
358.85
358.92
358.98
359.05
359.12
359.18
359.25
359.32
359.38
359.45
359.51
359.58
359.65
359.72
359.78
359.85
359.92
359.98
360.05
360.12
360.18
360.25
360.32
360.38
360.45
360.52
360.58
360.65
360.72
360.78
360.85
360.92
360.98
361.05
361.12
361.18
361.25
361.32
361.38
361.45
361.52
361.58
361.65
361.72
361.78
361.85
361.92
361.98
362.05
362.12
362.18
362.25
362.32
362.38
362.45
362.52
362.58
362.65
362.72
362.78
362.85
362.92
362.98
363.05
363.12
363.19
363.25
363.32
363.38
363.45
363.52
363.58
363.65
363.72
363.79
363.85
363.92
363.99
364.05
364.12
364.19
364.25
364.32
364.38
364.45
364.52
364.59
364.65
364.72
364.79
364.85
364.92
364.99
365.05
365.12
365.19
365.25
365.32
365.39
365.45
365.52
365.59
365.65
365.72
365.79
365.85
365.92
365.99
366.05
366.12
366.19
366.25
366.32
366.39
366.45
366.52
366.59
366.65
366.72
366.79
366.85
366.92
366.99
367.05
367.12
367.19
367.25
367.32
367.39
367.45
367.52
367.59
367.65
367.72
367.79
367.85
367.92
367.99
368.06
368.12
368.19
368.26
368.32
368.39
368.45
368.52
368.59
368.65
368.72
368.79
368.86
368.92
368.99
369.06
369.12
369.19
369.26
369.32
369.39
369.46
369.52
369.59
369.66
369.72
369.79
369.86
369.92
369.99
370.06
370.12
370.19
370.26
370.32
370.39
370.46
370.52
370.59
370.66
370.72
370.79
370.86
370.92
370.99
371.06
371.12
371.19
371.26
371.32
371.39
371.46
371.52
371.59
371.66
371.72
371.79
371.86
371.92
371.99
372.06
372.12
372.19
372.26
372.32
372.39
372.46
372.52
372.59
372.66
372.73
372.79
372.86
372.93
372.99
373.06
373.13
373.19
373.26
373.32
373.39
373.46
373.52
373.59
373.66
373.73
373.79
373.86
373.93
373.99
374.06
374.13
374.19
374.26
374.33
374.39
374.46
374.53
374.59
374.66
374.73
374.79
374.86
374.93
374.99
375.06
375.13
375.19
375.26
375.33
375.39
375.46
375.53
375.59
375.66
375.73
375.79
375.86
375.93
375.99
376.06
376.13
376.19
376.26
376.33
376.39
376.46
376.53
376.59
376.66
376.73
376.79
376.86
376.93
376.99
377.06
377.13
377.19
377.26
377.33
377.39
377.46
377.53
377.6
377.66
377.73
377.8
377.86
377.93
378
378.06
378.13
378.19
378.26
378.33
378.39
378.46
378.53
378.6
378.66
378.73
378.8
378.86
378.93
379
379.06
379.13
379.2
379.26
379.33
379.4
379.46
379.53
379.6
379.66
379.73
379.8
379.86
379.93
380
380.06
380.13
380.2
380.26
380.33
380.4
380.46
380.53
380.6
380.66
380.73
380.8
380.86
380.93
381
381.06
381.13
381.2
381.26
381.33
381.4
381.46
381.53
381.6
381.66
381.73
381.8
381.86
381.93
382
382.06
382.13
382.2
382.26
382.33
382.4
382.46
382.53
382.6
382.67
382.73
382.8
382.87
382.93
383
383.07
383.13
383.2
383.26
383.33
383.4
383.46
383.53
383.6
383.67
383.73
383.8
383.87
383.93
384
384.07
384.13
384.2
384.27
384.33
384.4
384.47
384.53
384.6
384.67
384.73
384.8
384.87
384.93
385
385.07
385.13
385.2
385.27
385.33
385.4
385.47
385.53
385.6
385.67
385.73
385.8
385.87
385.93
386
386.07
386.13
386.2
386.27
386.33
386.4
386.47
386.53
386.6
386.67
386.73
386.8
386.87
386.93
387
387.07
387.13
387.2
387.27
387.33
387.4
387.47
387.54
387.6
387.67
387.74
387.8
387.87
387.94
388
388.07
388.13
388.2
388.27
388.33
388.4
388.47
388.54
388.6
388.67
388.74
388.8
388.87
388.94
389
389.07
389.14
389.2
389.27
389.34
389.4
389.47
389.54
389.6
389.67
389.74
389.8
389.87
389.94
390
390.07
390.14
390.2
390.27
390.34
390.4
390.47
390.54
390.6
390.67
390.74
390.8
390.87
390.94
391
391.07
391.14
391.2
391.27
391.34
391.4
391.47
391.54
391.6
391.67
391.74
391.8
391.87
391.94
392.01
392.07
392.14
392.2
392.27
392.34
392.4
392.47
392.54
392.61
392.67
392.74
392.81
392.87
392.94
393.01
393.07
393.14
393.2
393.27
393.34
393.4
393.47
393.54
393.61
393.67
393.74
393.81
393.87
393.94
394.01
394.07
394.14
394.21
394.27
394.34
394.41
394.47
394.54
394.61
394.67
394.74
394.81
394.87
394.94
395.01
395.07
395.14
395.21
395.27
395.34
395.41
395.47
395.54
395.61
395.67
395.74
395.81
395.87
395.94
396.01
396.07
396.14
396.21
396.27
396.34
396.41
396.47
396.54
396.61
396.67
396.74
396.81
396.88
396.94
397.01
397.07
397.14
397.21
397.27
397.34
397.41
397.48
397.54
397.61
397.68
397.74
397.81
397.88
397.94
398.01
398.07
398.14
398.21
398.28
398.34
398.41
398.48
398.54
398.61
398.68
398.74
398.81
398.88
398.94
399.01
399.08
399.14
399.21
399.28
399.34
399.41
399.48
399.54
399.61
399.68
399.74
399.81
399.88
399.94
400.01
400.08
400.14
400.21
400.28
400.34
400.41
400.48
400.54
400.61
400.68
400.74
400.81
400.88
400.94
401.01
401.08
401.14
401.21
401.28
401.34
401.41
401.48
401.54
401.61
401.68
401.75
401.81
401.88
401.94
402.01
402.08
402.14
402.21
402.28
402.35
402.41
402.48
402.55
402.61
402.68
402.75
402.81
402.88
402.94
403.01
403.08
403.15
403.21
403.28
403.35
403.41
403.48
403.55
403.61
403.68
403.75
403.81
403.88
403.95
404.01
404.08
404.15
404.21
404.28
404.35
404.41
404.48
404.55
404.61
404.68
404.75
404.81
404.88
404.95
405.01
405.08
405.15
405.21
405.28
405.35
405.41
405.48
405.55
405.61
405.68
405.75
405.81
405.88
405.95
406.01
406.08
406.15
406.21
406.28
406.35
406.41
406.48
406.55
406.62
406.68
406.75
406.82
406.88
406.95
407.01
407.08
407.15
407.21
407.28
407.35
407.42
407.48
407.55
407.62
407.68
407.75
407.82
407.88
407.95
408.02
408.08
408.15
408.22
408.28
408.35
408.42
408.48
408.55
408.62
408.68
408.75
408.82
408.88
408.95
409.02
409.08
409.15
409.22
409.28
409.35
409.42
409.48
409.55
409.62
409.68
409.75
409.82
409.88
409.95
410.02
410.08
410.15
410.22
410.28
410.35
410.42
410.48
410.55
410.62
410.68
410.75
410.82
410.88
410.95
411.02
411.08
411.15
411.22
411.29
411.35
411.42
411.49
411.55
411.62
411.69
411.75
411.82
411.88
411.95
412.02
412.08
412.15
412.22
412.29
412.35
412.42
412.49
412.55
412.62
412.69
412.75
412.82
412.89
412.95
413.02
413.09
413.15
413.22
413.29
413.35
413.42
413.49
413.55
413.62
413.69
413.75
413.82
413.89
413.95
414.02
414.09
414.15
414.22
414.29
414.35
414.42
414.49
414.55
414.62
414.69
414.75
414.82
414.89
414.95
415.02
415.09
415.15
415.22
415.29
415.35
415.42
415.49
415.55
415.62
415.69
415.75
415.82
415.89
415.95
416.02
416.09
416.15
416.22
416.29
416.36
416.42
416.49
416.56
416.62
416.69
416.76
416.82
416.89
416.95
417.02
417.09
417.15
417.22
417.29
417.36
417.42
417.49
417.56
417.62
417.69
417.76
417.82
417.89
417.96
418.02
418.09
418.16
418.22
418.29
418.36
418.42
418.49
418.56
418.62
418.69
418.76
418.82
418.89
418.96
419.02
419.09
419.16
419.22
419.29
419.36
419.42
419.49
419.56
419.62
419.69
419.76
419.82
419.89
419.96
420.02
420.09
420.16
420.22
420.29
420.36
420.42
420.49
420.56
420.62
420.69
420.76
420.82
420.89
420.96
421.02
421.09
421.16
421.23
421.29
421.36
421.43
421.49
421.56
421.63
421.69
421.76
421.82
421.89
421.96
422.02
422.09
422.16
422.23
422.29
422.36
422.43
422.49
422.56
422.63
422.69
422.76
422.83
422.89
422.96
423.03
423.09
423.16
423.23
423.29
423.36
423.43
423.49
423.56
423.63
423.69
423.76
423.83
423.89
423.96
424.03
424.09
424.16
424.23
424.29
424.36
424.43
424.49
424.56
424.63
424.69
424.76
424.83
424.89
424.96
425.03
425.09
425.16
425.23
425.29
425.36
425.43
425.49
425.56
425.63
425.69
425.76
425.83
425.89
425.96
426.03
426.1
426.16
426.23
426.3
426.36
426.43
426.5
426.56
426.63
426.69
426.76
426.83
426.89
426.96
427.03
427.1
427.16
427.23
427.3
427.36
427.43
427.5
427.56
427.63
427.7
427.76
427.83
427.9
427.96
428.03
428.1
428.16
428.23
428.3
428.36
428.43
428.5
428.56
428.63
428.7
428.76
428.83
428.9
428.96
429.03
429.1
429.16
429.23
429.3
429.36
429.43
429.5
429.56
429.63
429.7
429.76
429.83
429.9
429.96
430.03
430.1
430.16
430.23
430.3
430.36
430.43
430.5
430.57
430.63
430.7
430.76
430.83
430.9
430.96
431.03
431.1
431.17
431.23
431.3
431.37
431.43
431.5
431.57
431.63
431.7
431.76
431.83
431.9
431.97
432.03
432.1
432.17
432.23
432.3
432.37
432.43
432.5
432.57
432.63
432.7
432.77
432.83
432.9
432.97
433.03
433.1
433.17
433.23
433.3
433.37
433.43
433.5
433.57
433.63
433.7
433.77
433.83
433.9
433.97
434.03
434.1
434.17
434.23
434.3
434.37
434.43
434.5
434.57
434.63
434.7
434.77
434.83
434.9
434.97
435.03
435.1
435.17
435.23
435.3
435.37
435.44
435.5
435.57
435.63
435.7
435.77
435.83
435.9
435.97
436.04
436.1
436.17
436.24
436.3
436.37
436.44
436.5
436.57
436.63
436.7
436.77
436.84
436.9
436.97
437.04
437.1
437.17
437.24
437.3
437.37
437.44
437.5
437.57
437.64
437.7
437.77
437.84
437.9
437.97
438.04
438.1
438.17
438.24
438.3
438.37
438.44
438.5
438.57
438.64
438.7
438.77
438.84
438.9
438.97
439.04
439.1
439.17
439.24
439.3
439.37
439.44
439.5
439.57
439.64
439.7
439.77
439.84
439.9
439.97
440.04
440.1
440.17
440.24
440.31
440.37
440.44
440.51
440.57
440.64
440.7
440.77
440.84
440.9
440.97
441.04
441.11
441.17
441.24
441.31
441.37
441.44
441.51
441.57
441.64
441.71
441.77
441.84
441.91
441.97
442.04
442.11
442.17
442.24
442.31
442.37
442.44
442.51
442.57
442.64
442.71
442.77
442.84
442.91
442.97
443.04
443.11
443.17
443.24
443.31
443.37
443.44
443.51
443.57
443.64
443.71
443.77
443.84
443.91
443.97
444.04
444.11
444.17
444.24
444.31
444.37
444.44
444.51
444.57
444.64
444.71
444.77
444.84
444.91
444.98
445.04
445.11
445.18
445.24
445.31
445.38
445.44
445.51
445.57
445.64
445.71
445.77
445.84
445.91
445.98
446.04
446.11
446.18
446.24
446.31
446.38
446.44
446.51
446.58
446.64
446.71
446.78
446.84
446.91
446.98
447.04
447.11
447.18
447.24
447.31
447.38
447.44
447.51
447.58
447.64
447.71
447.78
447.84
447.91
447.98
448.04
448.11
448.18
448.24
448.31
448.38
448.44
448.51
448.58
448.64
448.71
448.78
448.84
448.91
448.98
449.04
449.11
449.18
449.24
449.31
449.38
449.44
449.51
449.58
449.64
449.71
449.78
449.85
449.91
449.98
450.05
450.11
450.18
450.25
450.31
450.38
450.44
450.51
450.58
450.64
450.71
450.78
450.85
450.91
450.98
451.05
451.11
451.18
451.25
451.31
451.38
451.45
451.51
451.58
451.65
451.71
451.78
451.85
451.91
451.98
452.05
452.11
452.18
452.25
452.31
452.38
452.45
452.51
452.58
452.65
452.71
452.78
452.85
452.91
452.98
453.05
453.11
453.18
453.25
453.31
453.38
453.45
453.51
453.58
453.65
453.71
453.78
453.85
453.91
453.98
454.05
454.11
454.18
454.25
454.31
454.38
454.45
454.51
454.58
454.65
454.71
454.78
454.85
454.92
454.98
455.05
455.12
455.18
455.25
455.32
455.38
455.45
455.51
455.58
455.65
455.71
455.78
455.85
455.92
455.98
456.05
456.12
456.18
456.25
456.32
456.38
456.45
456.52
456.58
456.65
456.72
456.78
456.85
456.92
456.98
457.05
457.12
457.18
457.25
457.32
457.38
457.45
457.52
457.58
457.65
457.72
457.78
457.85
457.92
457.98
458.05
458.12
458.18
458.25
458.32
458.38
458.45
458.52
458.58
458.65
458.72
458.78
458.85
458.92
458.98
459.05
459.12
459.18
459.25
459.32
459.38
459.45
459.52
459.58
459.65
459.72
459.79
459.85
459.92
459.99
460.05
460.12
460.19
460.25
460.32
460.38
460.45
460.52
460.58
460.65
460.72
460.79
460.85
460.92
460.99
461.05
461.12
461.19
461.25
461.32
461.39
461.45
461.52
461.59
461.65
461.72
461.79
461.85
461.92
461.99
462.05
462.12
462.19
462.25
462.32
462.39
462.45
462.52
462.59
462.65
462.72
462.79
462.85
462.92
462.99
463.05
463.12
463.19
463.25
463.32
463.39
463.45
463.52
463.59
463.65
463.72
463.79
463.85
463.92
463.99
464.05
464.12
464.19
464.26
464.32
464.39
464.45
464.52
464.59
464.65
464.72
464.79
464.86
464.92
464.99
465.06
465.12
465.19
465.26
465.32
465.39
465.45
465.52
465.59
465.65
465.72
465.79
465.86
465.92
465.99
466.06
466.12
466.19
466.26
466.32
466.39
466.46
466.52
466.59
466.66
466.72
466.79
466.86
466.92
466.99
