0.007
0.013
0.02
0.027
0.033
0.04
0.047
0.053
0.06
0.067
0.073
0.08
0.087
0.093
0.1
0.107
0.113
0.12
0.127
0.133
0.14
0.147
0.153
0.16
0.167
0.173
0.18
0.187
0.193
0.2
0.207
0.213
0.22
0.227
0.233
0.24
0.247
0.254
0.26
0.267
0.274
0.28
0.287
0.294
0.3
0.307
0.314
0.32
0.327
0.334
0.34
0.347
0.354
0.36
0.367
0.374
0.38
0.387
0.394
0.4
0.407
0.414
0.42
0.427
0.434
0.44
0.447
0.454
0.46
0.467
0.474
0.48
0.487
0.494
0.5
0.507
0.514
0.52
0.527
0.534
0.54
0.547
0.554
0.56
0.567
0.574
0.58
0.587
0.594
0.6
0.607
0.614
0.62
0.627
0.634
0.64
0.647
0.654
0.66
0.667
0.674
0.68
0.687
0.694
0.7
0.707
0.714
0.72
0.727
0.734
0.741
0.747
0.754
0.761
0.767
0.774
0.781
0.787
0.794
0.801
0.807
0.814
0.821
0.827
0.834
0.841
0.847
0.854
0.861
0.867
0.874
0.881
0.887
0.894
0.901
0.907
0.914
0.921
0.927
0.934
0.941
0.947
0.954
0.961
0.967
0.974
0.981
0.987
0.994
1.001
1.007
1.014
1.021
1.027
1.034
1.041
1.047
1.054
1.061
1.067
1.074
1.081
1.087
1.094
1.101
1.107
1.114
1.121
1.127
1.134
1.141
1.147
1.154
1.161
1.167
1.174
1.181
1.187
1.194
1.201
1.208
1.214
1.221
1.228
1.234
1.241
1.248
1.254
1.261
1.268
1.274
1.281
1.288
1.294
1.301
1.308
1.314
1.321
1.328
1.334
1.341
1.348
1.354
1.361
1.368
1.374
1.381
1.388
1.394
1.401
1.408
1.414
1.421
1.428
1.434
1.441
1.448
1.454
1.461
1.468
1.474
1.481
1.488
1.494
1.501
1.508
1.514
1.521
1.528
1.534
1.541
1.548
1.554
1.561
1.568
1.574
1.581
1.588
1.594
1.601
1.608
1.614
1.621
1.628
1.634
1.641
1.648
1.654
1.661
1.668
1.674
1.681
1.688
1.695
1.701
1.708
1.715
1.721
1.728
1.735
1.741
1.748
1.755
1.761
1.768
1.775
1.781
1.788
1.795
1.801
1.808
1.815
1.821
1.828
1.835
1.841
1.848
1.855
1.861
1.868
1.875
1.881
1.888
1.895
1.901
1.908
1.915
1.921
1.928
1.935
1.941
1.948
1.955
1.961
1.968
1.975
1.981
1.988
1.995
2.001
2.008
2.015
2.021
2.028
2.035
2.041
2.048
2.055
2.061
2.068
2.075
2.081
2.088
2.095
2.101
2.108
2.115
2.121
2.128
2.135
2.141
2.148
2.155
2.161
2.168
2.175
2.182
2.188
2.195
2.202
2.208
2.215
2.222
2.228
2.235
2.242
2.248
2.255
2.262
2.268
2.275
2.282
2.288
2.295
2.302
2.308
2.315
2.322
2.328
2.335
2.342
2.348
2.355
2.362
2.368
2.375
2.382
2.388
2.395
2.402
2.408
2.415
2.422
2.428
2.435
2.442
2.448
2.455
2.462
2.468
2.475
2.482
2.488
2.495
2.502
2.508
2.515
2.522
2.528
2.535
2.542
2.548
2.555
2.562
2.568
2.575
2.582
2.588
2.595
2.602
2.608
2.615
2.622
2.628
2.635
2.642
2.648
2.655
2.662
2.669
2.675
2.682
2.689
2.695
2.702
2.709
2.715
2.722
2.729
2.735
2.742
2.749
2.755
2.762
2.769
2.775
2.782
2.789
2.795
2.802
2.809
2.815
2.822
2.829
2.835
2.842
2.849
2.855
2.862
2.869
2.875
2.882
2.889
2.895
2.902
2.909
2.915
2.922
2.929
2.935
2.942
2.949
2.955
2.962
2.969
2.975
2.982
2.989
2.995
3.002
3.009
3.015
3.022
3.029
3.035
3.042
3.049
3.055
3.062
3.069
3.075
3.082
3.089
3.095
3.102
3.109
3.115
3.122
3.129
3.136
3.142
3.149
3.156
3.162
3.169
3.176
3.182
3.189
3.196
3.202
3.209
3.216
3.222
3.229
3.236
3.242
3.249
3.256
3.262
3.269
3.276
3.282
3.289
3.296
3.302
3.309
3.316
3.322
3.329
3.336
3.342
3.349
3.356
3.362
3.369
3.376
3.382
3.389
3.396
3.402
3.409
3.416
3.422
3.429
3.436
3.442
3.449
3.456
3.462
3.469
3.476
3.482
3.489
3.496
3.502
3.509
3.516
3.522
3.529
3.536
3.542
3.549
3.556
3.562
3.569
3.576
3.582
3.589
3.596
3.602
3.609
3.616
3.623
3.629
3.636
3.643
3.649
3.656
3.663
3.669
3.676
3.683
3.689
3.696
3.703
3.709
3.716
3.723
3.729
3.736
3.743
3.749
3.756
3.763
3.769
3.776
3.783
3.789
3.796
3.803
3.809
3.816
3.823
3.829
3.836
3.843
3.849
3.856
3.863
3.869
3.876
3.883
3.889
3.896
3.903
3.909
3.916
3.923
3.929
3.936
3.943
3.949
3.956
3.963
3.969
3.976
3.983
3.989
3.996
4.003
4.009
4.016
4.023
4.029
4.036
4.043
4.049
4.056
4.063
4.069
4.076
4.083
4.089
4.096
4.103
4.11
4.116
4.123
4.13
4.136
4.143
4.15
4.156
4.163
4.17
4.176
4.183
4.19
4.196
4.203
4.21
4.216
4.223
4.23
4.236
4.243
4.25
4.256
4.263
4.27
4.276
4.283
4.29
4.296
4.303
4.31
4.316
4.323
4.33
4.336
4.343
4.35
4.356
4.363
4.37
4.376
4.383
4.39
4.396
4.403
4.41
4.416
4.423
4.43
4.436
4.443
4.45
4.456
4.463
4.47
4.476
4.483
4.49
4.496
4.503
4.51
4.516
4.523
4.53
4.536
4.543
4.55
4.556
4.563
4.57
4.576
4.583
4.59
4.597
4.603
4.61
4.617
4.623
4.63
4.637
4.643
4.65
4.657
4.663
4.67
4.677
4.683
4.69
4.697
4.703
4.71
4.717
4.723
4.73
4.737
4.743
4.75
4.757
4.763
4.77
4.777
4.783
4.79
4.797
4.803
4.81
4.817
4.823
4.83
4.837
4.843
4.85
4.857
4.863
4.87
4.877
4.883
4.89
4.897
4.903
4.91
4.917
4.923
4.93
4.937
4.943
4.95
4.957
4.963
4.97
4.977
4.983
4.99
4.997
5.003
5.01
5.017
5.023
5.03
5.037
5.043
5.05
5.057
5.064
5.07
5.077
5.084
5.09
5.097
5.104
5.11
5.117
5.124
5.13
5.137
5.144
5.15
5.157
5.164
5.17
5.177
5.184
5.19
5.197
5.204
5.21
5.217
5.224
5.23
5.237
5.244
5.25
5.257
5.264
5.27
5.277
5.284
5.29
5.297
5.304
5.31
5.317
5.324
5.33
5.337
5.344
5.35
5.357
5.364
5.37
5.377
5.384
5.39
5.397
5.404
5.41
5.417
5.424
5.43
5.437
5.444
5.45
5.457
5.464
5.47
5.477
5.484
5.49
5.497
5.504
5.51
5.517
5.524
5.53
5.537
5.544
5.551
5.557
5.564
5.571
5.577
5.584
5.591
5.597
5.604
5.611
5.617
5.624
5.631
5.637
5.644
5.651
5.657
5.664
5.671
5.677
5.684
5.691
5.697
5.704
5.711
5.717
5.724
5.731
5.737
5.744
5.751
5.757
5.764
5.771
5.777
5.784
5.791
5.797
5.804
5.811
5.817
5.824
5.831
5.837
5.844
5.851
5.857
5.864
5.871
5.877
5.884
5.891
5.897
5.904
5.911
5.917
5.924
5.931
5.937
5.944
5.951
5.957
5.964
5.971
5.977
5.984
5.991
5.997
6.004
6.011
6.017
6.024
6.031
6.038
6.044
6.051
6.058
6.064
6.071
6.078
6.084
6.091
6.098
6.104
6.111
6.118
6.124
6.131
6.138
6.144
6.151
6.158
6.164
6.171
6.178
6.184
6.191
6.198
6.204
6.211
6.218
6.224
6.231
6.238
6.244
6.251
6.258
6.264
6.271
6.278
6.284
6.291
6.298
6.304
6.311
6.318
6.324
6.331
6.338
6.344
6.351
6.358
6.364
6.371
6.378
6.384
6.391
6.398
6.404
6.411
6.418
6.424
6.431
6.438
6.444
6.451
6.458
6.464
6.471
6.478
6.484
6.491
6.498
6.504
6.511
6.518
6.525
6.531
6.538
6.545
6.551
6.558
6.565
6.571
6.578
6.585
6.591
6.598
6.605
6.611
6.618
6.625
6.631
6.638
6.645
6.651
6.658
6.665
6.671
6.678
6.685
6.691
6.698
6.705
6.711
6.718
6.725
6.731
6.738
6.745
6.751
6.758
6.765
6.771
6.778
6.785
6.791
6.798
6.805
6.811
6.818
6.825
6.831
6.838
6.845
6.851
6.858
6.865
6.871
6.878
6.885
6.891
6.898
6.905
6.911
6.918
6.925
6.931
6.938
6.945
6.951
6.958
6.965
6.971
6.978
6.985
6.992
6.998
7.005
7.012
7.018
7.025
7.032
7.038
7.045
7.052
7.058
7.065
7.072
7.078
7.085
7.092
7.098
7.105
7.112
7.118
7.125
7.132
7.138
7.145
7.152
7.158
7.165
7.172
7.178
7.185
7.192
7.198
7.205
7.212
7.218
7.225
7.232
7.238
7.245
7.252
7.258
7.265
7.272
7.278
7.285
7.292
7.298
7.305
7.312
7.318
7.325
7.332
7.338
7.345
7.352
7.358
7.365
7.372
7.378
7.385
7.392
7.398
7.405
7.412
7.418
7.425
7.432
7.438
7.445
7.452
7.458
7.465
7.472
7.479
7.485
7.492
7.499
7.505
7.512
7.519
7.525
7.532
7.539
7.545
7.552
7.559
7.565
7.572
7.579
7.585
7.592
7.599
7.605
7.612
7.619
7.625
7.632
7.639
7.645
7.652
7.659
7.665
7.672
7.679
7.685
7.692
7.699
7.705
7.712
7.719
7.725
7.732
7.739
7.745
7.752
7.759
7.765
7.772
7.779
7.785
7.792
7.799
7.805
7.812
7.819
7.825
7.832
7.839
7.845
7.852
7.859
7.865
7.872
7.879
7.885
7.892
7.899
7.905
7.912
7.919
7.925
7.932
7.939
7.945
7.952
7.959
7.966
7.972
7.979
7.986
7.992
7.999
8.006
8.012
8.019
8.026
8.032
8.039
8.046
8.052
8.059
8.066
8.072
8.079
8.086
8.092
8.099
8.106
8.112
8.119
8.126
8.132
8.139
8.146
8.152
8.159
8.166
8.172
8.179
8.186
8.192
8.199
8.206
8.212
8.219
8.226
8.232
8.239
8.246
8.252
8.259
8.266
8.272
8.279
8.286
8.292
8.299
8.306
8.312
8.319
8.326
8.332
8.339
8.346
8.352
8.359
8.366
8.372
8.379
8.386
8.392
8.399
8.406
8.412
8.419
8.426
8.433
8.439
8.446
8.453
8.459
8.466
8.473
8.479
8.486
8.493
8.499
8.506
8.513
8.519
8.526
8.533
8.539
8.546
8.553
8.559
8.566
8.573
8.579
8.586
8.593
8.599
8.606
8.613
8.619
8.626
8.633
8.639
8.646
8.653
8.659
8.666
8.673
8.679
8.686
8.693
8.699
8.706
8.713
8.719
8.726
8.733
8.739
8.746
8.753
8.759
8.766
8.773
8.779
8.786
8.793
8.799
8.806
8.813
8.819
8.826
8.833
8.839
8.846
8.853
8.859
8.866
8.873
8.879
8.886
8.893
8.899
8.906
8.913
8.92
8.926
8.933
8.94
8.946
8.953
8.96
8.966
8.973
8.98
8.986
8.993
9
9.006
9.013
9.02
9.026
9.033
9.04
9.046
9.053
9.06
9.066
9.073
9.08
9.086
9.093
9.1
9.106
9.113
9.12
9.126
9.133
9.14
9.146
9.153
9.16
9.166
9.173
9.18
9.186
9.193
9.2
9.206
9.213
9.22
9.226
9.233
9.24
9.246
9.253
9.26
9.266
9.273
9.28
9.286
9.293
9.3
9.306
9.313
9.32
9.326
9.333
9.34
9.346
9.353
9.36
9.366
9.373
9.38
9.386
9.393
9.4
9.407
9.413
9.42
9.427
9.433
9.44
9.447
9.453
9.46
9.467
9.473
9.48
9.487
9.493
9.5
9.507
9.513
9.52
9.527
9.533
9.54
9.547
9.553
9.56
9.567
9.573
9.58
9.587
9.593
9.6
9.607
9.613
9.62
9.627
9.633
9.64
9.647
9.653
9.66
9.667
9.673
9.68
9.687
9.693
9.7
9.707
9.713
9.72
9.727
9.733
9.74
9.747
9.753
9.76
9.767
9.773
9.78
9.787
9.793
9.8
9.807
9.813
9.82
9.827
9.833
9.84
9.847
9.853
9.86
9.867
9.873
9.88
9.887
9.894
9.9
9.907
9.914
9.92
9.927
9.934
9.94
9.947
9.954
9.96
9.967
9.974
9.98
9.987
9.994
10
10.007
10.014
10.02
10.027
10.034
10.04
10.047
10.054
10.06
10.067
10.074
10.08
10.087
10.094
10.1
10.107
10.114
10.12
10.127
10.134
10.14
10.147
10.154
10.16
10.167
10.174
10.18
10.187
10.194
10.2
10.207
10.214
10.22
10.227
10.234
10.24
10.247
10.254
10.26
10.267
10.274
10.28
10.287
10.294
10.3
10.307
10.314
10.32
10.327
10.334
10.34
10.347
10.354
10.361
10.367
10.374
10.381
10.387
10.394
10.401
10.407
10.414
10.421
10.427
10.434
10.441
10.447
10.454
10.461
10.467
10.474
10.481
10.487
10.494
10.501
10.507
10.514
10.521
10.527
10.534
10.541
10.547
10.554
10.561
10.567
10.574
10.581
10.587
10.594
10.601
10.607
10.614
10.621
10.627
10.634
10.641
10.647
10.654
10.661
10.667
10.674
10.681
10.687
10.694
10.701
10.707
10.714
10.721
10.727
10.734
10.741
10.747
10.754
10.761
10.767
10.774
10.781
10.787
10.794
10.801
10.807
10.814
10.821
10.827
10.834
10.841
10.848
10.854
10.861
10.868
10.874
10.881
10.888
10.894
10.901
10.908
10.914
10.921
10.928
10.934
10.941
10.948
10.954
10.961
10.968
10.974
10.981
10.988
10.994
11.001
11.008
11.014
11.021
11.028
11.034
11.041
11.048
11.054
11.061
11.068
11.074
11.081
11.088
11.094
11.101
11.108
11.114
11.121
11.128
11.134
11.141
11.148
11.154
11.161
11.168
11.174
11.181
11.188
11.194
11.201
11.208
11.214
11.221
11.228
11.234
11.241
11.248
11.254
11.261
11.268
11.274
11.281
11.288
11.294
11.301
11.308
11.314
11.321
11.328
11.335
11.341
11.348
11.355
11.361
11.368
11.375
11.381
11.388
11.395
11.401
11.408
11.415
11.421
11.428
11.435
11.441
11.448
11.455
11.461
11.468
11.475
11.481
11.488
11.495
11.501
11.508
11.515
11.521
11.528
11.535
11.541
11.548
11.555
11.561
11.568
11.575
11.581
11.588
11.595
11.601
11.608
11.615
11.621
11.628
11.635
11.641
11.648
11.655
11.661
11.668
11.675
11.681
11.688
11.695
11.701
11.708
11.715
11.721
11.728
11.735
11.741
11.748
11.755
11.761
11.768
11.775
11.781
11.788
11.795
11.801
11.808
11.815
11.822
11.828
11.835
11.842
11.848
11.855
11.862
11.868
11.875
11.882
11.888
11.895
11.902
11.908
11.915
11.922
11.928
11.935
11.942
11.948
11.955
11.962
11.968
11.975
11.982
11.988
11.995
12.002
12.008
12.015
12.022
12.028
12.035
12.042
12.048
12.055
12.062
12.068
12.075
12.082
12.088
12.095
12.102
12.108
12.115
12.122
12.128
12.135
12.142
12.148
12.155
12.162
12.168
12.175
12.182
12.188
12.195
12.202
12.208
12.215
12.222
12.228
12.235
12.242
12.248
12.255
12.262
12.268
12.275
12.282
12.289
12.295
12.302
12.309
12.315
12.322
12.329
12.335
12.342
12.349
12.355
12.362
12.369
12.375
12.382
12.389
12.395
12.402
12.409
12.415
12.422
12.429
12.435
12.442
12.449
12.455
12.462
12.469
12.475
12.482
12.489
12.495
12.502
12.509
12.515
12.522
12.529
12.535
12.542
12.549
12.555
12.562
12.569
12.575
12.582
12.589
12.595
12.602
12.609
12.615
12.622
12.629
12.635
12.642
12.649
12.655
12.662
12.669
12.675
12.682
12.689
12.695
12.702
12.709
12.715
12.722
12.729
12.735
12.742
12.749
12.755
12.762
12.769
12.776
12.782
12.789
12.796
12.802
12.809
12.816
12.822
12.829
12.836
12.842
12.849
12.856
12.862
12.869
12.876
12.882
12.889
12.896
12.902
12.909
12.916
12.922
12.929
12.936
12.942
12.949
12.956
12.962
12.969
12.976
12.982
12.989
12.996
13.002
13.009
13.016
13.022
13.029
13.036
13.042
13.049
13.056
13.062
13.069
13.076
13.082
13.089
13.096
13.102
13.109
13.116
13.122
13.129
13.136
13.142
13.149
13.156
13.162
13.169
13.176
13.182
13.189
13.196
13.202
13.209
13.216
13.222
13.229
13.236
13.242
13.249
13.256
13.263
13.269
13.276
13.283
13.289
13.296
13.303
13.309
13.316
13.323
13.329
13.336
13.343
13.349
13.356
13.363
13.369
13.376
13.383
13.389
13.396
13.403
13.409
13.416
13.423
13.429
13.436
13.443
13.449
13.456
13.463
13.469
13.476
13.483
13.489
13.496
13.503
13.509
13.516
13.523
13.529
13.536
13.543
13.549
13.556
13.563
13.569
13.576
13.583
13.589
13.596
13.603
13.609
13.616
13.623
13.629
13.636
13.643
13.649
13.656
13.663
13.669
13.676
13.683
13.689
13.696
13.703
13.709
13.716
13.723
13.729
13.736
13.743
13.75
13.756
13.763
13.77
13.776
13.783
13.79
13.796
13.803
13.81
13.816
13.823
13.83
13.836
13.843
13.85
13.856
13.863
13.87
13.876
13.883
13.89
13.896
13.903
13.91
13.916
13.923
13.93
13.936
13.943
13.95
13.956
13.963
13.97
13.976
13.983
13.99
13.996
14.003
14.01
14.016
14.023
14.03
14.036
14.043
14.05
14.056
14.063
14.07
14.076
14.083
14.09
14.096
14.103
14.11
14.116
14.123
14.13
14.136
14.143
14.15
14.156
14.163
14.17
14.176
14.183
14.19
14.196
14.203
14.21
14.217
14.223
14.23
14.237
14.243
14.25
14.257
14.263
14.27
14.277
14.283
14.29
14.297
14.303
14.31
14.317
14.323
14.33
14.337
14.343
14.35
14.357
14.363
14.37
14.377
14.383
14.39
14.397
14.403
14.41
14.417
14.423
14.43
14.437
14.443
14.45
14.457
14.463
14.47
14.477
14.483
14.49
14.497
14.503
14.51
14.517
14.523
14.53
14.537
14.543
14.55
14.557
14.563
14.57
14.577
14.583
14.59
14.597
14.603
14.61
14.617
14.623
14.63
14.637
14.643
14.65
14.657
14.663
14.67
14.677
14.683
14.69
14.697
14.704
14.71
14.717
14.724
14.73
14.737
14.744
14.75
14.757
14.764
14.77
14.777
14.784
14.79
14.797
14.804
14.81
14.817
14.824
14.83
14.837
14.844
14.85
14.857
14.864
14.87
14.877
14.884
14.89
14.897
14.904
14.91
14.917
14.924
14.93
14.937
14.944
14.95
14.957
14.964
14.97
14.977
14.984
14.99
14.997
15.004
15.01
15.017
15.024
15.03
15.037
15.044
15.05
15.057
15.064
15.07
15.077
15.084
15.09
15.097
15.104
15.11
15.117
15.124
15.13
15.137
15.144
15.15
15.157
15.164
15.17
15.177
15.184
15.191
15.197
15.204
15.211
15.217
15.224
15.231
15.237
15.244
15.251
15.257
15.264
15.271
15.277
15.284
15.291
15.297
15.304
15.311
15.317
15.324
15.331
15.337
15.344
15.351
15.357
15.364
15.371
15.377
15.384
15.391
15.397
15.404
15.411
15.417
15.424
15.431
15.437
15.444
15.451
15.457
15.464
15.471
15.477
15.484
15.491
15.497
15.504
15.511
15.517
15.524
15.531
15.537
15.544
15.551
15.557
15.564
15.571
15.577
15.584
15.591
15.597
15.604
15.611
15.617
15.624
15.631
15.637
15.644
15.651
15.657
15.664
15.671
15.678
15.684
15.691
15.698
15.704
15.711
15.718
15.724
15.731
15.738
15.744
15.751
15.758
15.764
15.771
15.778
15.784
15.791
15.798
15.804
15.811
15.818
15.824
15.831
15.838
15.844
15.851
15.858
15.864
15.871
15.878
15.884
15.891
15.898
15.904
15.911
15.918
15.924
15.931
15.938
15.944
15.951
15.958
15.964
15.971
15.978
15.984
15.991
15.998
16.004
16.011
16.018
16.024
16.031
16.038
16.044
16.051
16.058
16.064
16.071
16.078
16.084
16.091
16.098
16.104
16.111
16.118
16.124
16.131
16.138
16.145
16.151
16.158
16.165
16.171
16.178
16.185
16.191
16.198
16.205
16.211
16.218
16.225
16.231
16.238
16.245
16.251
16.258
16.265
16.271
16.278
16.285
16.291
16.298
16.305
16.311
16.318
16.325
16.331
16.338
16.345
16.351
16.358
16.365
16.371
16.378
16.385
16.391
16.398
16.405
16.411
16.418
16.425
16.431
16.438
16.445
16.451
16.458
16.465
16.471
16.478
16.485
16.491
16.498
16.505
16.511
16.518
16.525
16.531
16.538
16.545
16.551
16.558
16.565
16.571
16.578
16.585
16.591
16.598
16.605
16.611
16.618
16.625
16.632
16.638
16.645
16.652
16.658
16.665
16.672
16.678
16.685
16.692
16.698
16.705
16.712
16.718
16.725
16.732
16.738
16.745
16.752
16.758
16.765
16.772
16.778
16.785
16.792
16.798
16.805
16.812
16.818
16.825
16.832
16.838
16.845
16.852
16.858
16.865
16.872
16.878
16.885
16.892
16.898
16.905
16.912
16.918
16.925
16.932
16.938
16.945
16.952
16.958
16.965
16.972
16.978
16.985
16.992
16.998
17.005
17.012
17.018
17.025
17.032
17.038
17.045
17.052
17.058
17.065
17.072
17.078
17.085
17.092
17.098
17.105
17.112
17.119
17.125
17.132
17.139
17.145
17.152
17.159
17.165
17.172
17.179
17.185
17.192
17.199
17.205
17.212
17.219
17.225
17.232
17.239
17.245
17.252
17.259
17.265
17.272
17.279
17.285
17.292
17.299
17.305
17.312
17.319
17.325
17.332
17.339
17.345
17.352
17.359
17.365
17.372
17.379
17.385
17.392
17.399
17.405
17.412
17.419
17.425
17.432
17.439
17.445
17.452
17.459
17.465
17.472
17.479
17.485
17.492
17.499
17.505
17.512
17.519
17.525
17.532
17.539
17.545
17.552
17.559
17.565
17.572
17.579
17.585
17.592
17.599
17.606
17.612
17.619
17.626
17.632
17.639
17.646
17.652
17.659
17.666
17.672
17.679
17.686
17.692
17.699
17.706
17.712
17.719
17.726
17.732
17.739
17.746
17.752
17.759
17.766
17.772
17.779
17.786
17.792
17.799
17.806
17.812
17.819
17.826
17.832
17.839
17.846
17.852
17.859
17.866
17.872
17.879
17.886
17.892
17.899
17.906
17.912
17.919
17.926
17.932
17.939
17.946
17.952
17.959
17.966
17.972
17.979
17.986
17.992
17.999
18.006
18.012
18.019
18.026
18.032
18.039
18.046
18.052
18.059
18.066
18.073
18.079
18.086
18.093
18.099
18.106
18.113
18.119
18.126
18.133
18.139
18.146
18.153
18.159
18.166
18.173
18.179
18.186
18.193
18.199
18.206
18.213
18.219
18.226
18.233
18.239
18.246
18.253
18.259
18.266
18.273
18.279
18.286
18.293
18.299
18.306
18.313
18.319
18.326
18.333
18.339
18.346
18.353
18.359
18.366
18.373
18.379
18.386
18.393
18.399
18.406
18.413
18.419
18.426
18.433
18.439
18.446
18.453
18.459
18.466
18.473
18.479
18.486
18.493
18.499
18.506
18.513
18.519
18.526
18.533
18.539
18.546
18.553
18.56
18.566
18.573
18.58
18.586
18.593
18.6
18.606
18.613
18.62
18.626
18.633
18.64
18.646
18.653
18.66
18.666
18.673
18.68
18.686
18.693
18.7
18.706
18.713
18.72
18.726
18.733
18.74
18.746
18.753
18.76
18.766
18.773
18.78
18.786
18.793
18.8
18.806
18.813
18.82
18.826
18.833
18.84
18.846
18.853
18.86
18.866
18.873
18.88
18.886
18.893
18.9
18.906
18.913
18.92
18.926
18.933
18.94
18.946
18.953
18.96
18.966
18.973
18.98
18.986
18.993
19
19.006
19.013
19.02
19.026
19.033
19.04
19.047
19.053
19.06
19.067
19.073
19.08
19.087
19.093
19.1
19.107
19.113
19.12
19.127
19.133
19.14
19.147
19.153
19.16
19.167
19.173
19.18
19.187
19.193
19.2
19.207
19.213
19.22
19.227
19.233
19.24
19.247
19.253
19.26
19.267
19.273
19.28
19.287
19.293
19.3
19.307
19.313
19.32
19.327
19.333
19.34
19.347
19.353
19.36
19.367
19.373
19.38
19.387
19.393
19.4
19.407
19.413
19.42
19.427
19.433
19.44
19.447
19.453
19.46
19.467
19.473
19.48
19.487
19.493
19.5
19.507
19.513
19.52
19.527
19.534
19.54
19.547
19.554
19.56
19.567
19.574
19.58
19.587
19.594
19.6
19.607
19.614
19.62
19.627
19.634
19.64
19.647
19.654
19.66
19.667
19.674
19.68
19.687
19.694
19.7
19.707
19.714
19.72
19.727
19.734
19.74
19.747
19.754
19.76
19.767
19.774
19.78
19.787
19.794
19.8
19.807
19.814
19.82
19.827
19.834
19.84
19.847
19.854
19.86
19.867
19.874
19.88
19.887
19.894
19.9
19.907
19.914
19.92
19.927
19.934
19.94
19.947
19.954
19.96
19.967
19.974
19.98
19.987
19.994
20.001
20.007
20.014
20.021
20.027
20.034
20.041
20.047
20.054
20.061
20.067
20.074
20.081
20.087
20.094
20.101
20.107
20.114
20.121
20.127
20.134
20.141
20.147
20.154
20.161
20.167
20.174
20.181
20.187
20.194
20.201
20.207
20.214
20.221
20.227
20.234
20.241
20.247
20.254
20.261
20.267
20.274
20.281
20.287
20.294
20.301
20.307
20.314
20.321
20.327
20.334
20.341
20.347
20.354
20.361
20.367
20.374
20.381
20.387
20.394
20.401
20.407
20.414
20.421
20.427
20.434
20.441
20.447
20.454
20.461
20.467
20.474
20.481
20.488
20.494
20.501
20.508
20.514
20.521
20.528
20.534
20.541
20.548
20.554
20.561
20.568
20.574
20.581
20.588
20.594
20.601
20.608
20.614
20.621
20.628
20.634
20.641
20.648
20.654
20.661
20.668
20.674
20.681
20.688
20.694
20.701
20.708
20.714
20.721
20.728
20.734
20.741
20.748
20.754
20.761
20.768
20.774
20.781
20.788
20.794
20.801
20.808
20.814
20.821
20.828
20.834
20.841
20.848
20.854
20.861
20.868
20.874
20.881
20.888
20.894
20.901
20.908
20.914
20.921
20.928
20.934
20.941
20.948
20.954
20.961
20.968
20.975
20.981
20.988
20.995
21.001
21.008
21.015
21.021
21.028
21.035
21.041
21.048
21.055
21.061
21.068
21.075
21.081
21.088
21.095
21.101
21.108
21.115
21.121
21.128
21.135
21.141
21.148
21.155
21.161
21.168
21.175
21.181
21.188
21.195
21.201
21.208
21.215
21.221
21.228
21.235
21.241
21.248
21.255
21.261
21.268
21.275
21.281
21.288
21.295
21.301
21.308
21.315
21.321
21.328
21.335
21.341
21.348
21.355
21.361
21.368
21.375
21.381
21.388
21.395
21.401
21.408
21.415
21.421
21.428
21.435
21.442
21.448
21.455
21.462
21.468
21.475
21.482
21.488
21.495
21.502
21.508
21.515
21.522
21.528
21.535
21.542
21.548
21.555
21.562
21.568
21.575
21.582
21.588
21.595
21.602
21.608
21.615
21.622
21.628
21.635
21.642
21.648
21.655
21.662
21.668
21.675
21.682
21.688
21.695
21.702
21.708
21.715
21.722
21.728
21.735
21.742
21.748
21.755
21.762
21.768
21.775
21.782
21.788
21.795
21.802
21.808
21.815
21.822
21.828
21.835
21.842
21.848
21.855
21.862
21.868
21.875
21.882
21.888
21.895
21.902
21.908
21.915
21.922
21.929
21.935
21.942
21.949
21.955
21.962
21.969
21.975
21.982
21.989
21.995
22.002
22.009
22.015
22.022
22.029
22.035
22.042
22.049
22.055
22.062
22.069
22.075
22.082
22.089
22.095
22.102
22.109
22.115
22.122
22.129
22.135
22.142
22.149
22.155
22.162
22.169
22.175
22.182
22.189
22.195
22.202
22.209
22.215
22.222
22.229
22.235
22.242
22.249
22.255
22.262
22.269
22.275
22.282
22.289
22.295
22.302
22.309
22.315
22.322
22.329
22.335
22.342
22.349
22.355
22.362
22.369
22.375
22.382
22.389
22.395
22.402
22.409
22.416
22.422
22.429
22.436
22.442
22.449
22.456
22.462
22.469
22.476
22.482
22.489
22.496
22.502
22.509
22.516
22.522
22.529
22.536
22.542
22.549
22.556
22.562
22.569
22.576
22.582
22.589
22.596
22.602
22.609
22.616
22.622
22.629
22.636
22.642
22.649
22.656
22.662
22.669
22.676
22.682
22.689
22.696
22.702
22.709
22.716
22.722
22.729
22.736
22.742
22.749
22.756
22.762
22.769
22.776
22.782
22.789
22.796
22.802
22.809
22.816
22.822
22.829
22.836
22.842
22.849
22.856
22.862
22.869
22.876
22.882
22.889
22.896
22.903
22.909
22.916
22.923
22.929
22.936
22.943
22.949
22.956
22.963
22.969
22.976
22.983
22.989
22.996
23.003
23.009
23.016
23.023
23.029
23.036
23.043
23.049
23.056
23.063
23.069
23.076
23.083
23.089
23.096
23.103
23.109
23.116
23.123
23.129
23.136
23.143
23.149
23.156
23.163
23.169
23.176
23.183
23.189
23.196
23.203
23.209
23.216
23.223
23.229
23.236
23.243
23.249
23.256
23.263
23.269
23.276
23.283
23.289
23.296
23.303
23.309
23.316
23.323
23.329
23.336
23.343
23.349
23.356
23.363
23.37
23.376
23.383
23.39
23.396
23.403
23.41
23.416
23.423
23.43
23.436
23.443
23.45
23.456
23.463
23.47
23.476
23.483
23.49
23.496
23.503
23.51
23.516
23.523
23.53
23.536
23.543
23.55
23.556
23.563
23.57
23.576
23.583
23.59
23.596
23.603
23.61
23.616
23.623
23.63
23.636
23.643
23.65
23.656
23.663
23.67
23.676
23.683
23.69
23.696
23.703
23.71
23.716
23.723
23.73
23.736
23.743
23.75
23.756
23.763
23.77
23.776
23.783
23.79
23.796
23.803
23.81
23.816
23.823
23.83
23.836
23.843
23.85
23.857
23.863
23.87
23.877
23.883
23.89
23.897
23.903
23.91
23.917
23.923
23.93
23.937
23.943
23.95
23.957
23.963
23.97
23.977
23.983
23.99
23.997
24.003
24.01
24.017
24.023
24.03
24.037
24.043
24.05
24.057
24.063
24.07
24.077
24.083
24.09
24.097
24.103
24.11
24.117
24.123
24.13
24.137
24.143
24.15
24.157
24.163
24.17
24.177
24.183
24.19
24.197
24.203
24.21
24.217
24.223
24.23
24.237
24.243
24.25
24.257
24.263
24.27
24.277
24.283
24.29
24.297
24.303
24.31
24.317
24.323
24.33
24.337
24.344
24.35
24.357
24.364
24.37
24.377
24.384
24.39
24.397
24.404
24.41
24.417
24.424
24.43
24.437
24.444
24.45
24.457
24.464
24.47
24.477
24.484
24.49
24.497
24.504
24.51
24.517
24.524
24.53
24.537
24.544
24.55
24.557
24.564
24.57
24.577
24.584
24.59
24.597
24.604
24.61
24.617
24.624
24.63
24.637
24.644
24.65
24.657
24.664
24.67
24.677
24.684
24.69
24.697
24.704
24.71
24.717
24.724
24.73
24.737
24.744
24.75
24.757
24.764
24.77
24.777
24.784
24.79
24.797
24.804
24.81
24.817
24.824
24.831
24.837
24.844
24.851
24.857
24.864
24.871
24.877
24.884
24.891
24.897
24.904
24.911
24.917
24.924
24.931
24.937
24.944
24.951
24.957
24.964
24.971
24.977
24.984
24.991
24.997
25.004
25.011
25.017
25.024
25.031
25.037
25.044
25.051
25.057
25.064
25.071
25.077
25.084
25.091
25.097
25.104
25.111
25.117
25.124
25.131
25.137
25.144
25.151
25.157
25.164
25.171
25.177
25.184
25.191
25.197
25.204
25.211
25.217
25.224
25.231
25.237
25.244
25.251
25.257
25.264
25.271
25.277
25.284
25.291
25.298
25.304
25.311
25.318
25.324
25.331
25.338
25.344
25.351
25.358
25.364
25.371
25.378
25.384
25.391
25.398
25.404
25.411
25.418
25.424
25.431
25.438
25.444
25.451
25.458
25.464
25.471
25.478
25.484
25.491
25.498
25.504
25.511
25.518
25.524
25.531
25.538
25.544
25.551
25.558
25.564
25.571
25.578
25.584
25.591
25.598
25.604
25.611
25.618
25.624
25.631
25.638
25.644
25.651
25.658
25.664
25.671
25.678
25.684
25.691
25.698
25.704
25.711
25.718
25.724
25.731
25.738
25.744
25.751
25.758
25.764
25.771
25.778
25.785
25.791
25.798
25.805
25.811
25.818
25.825
25.831
25.838
25.845
25.851
25.858
25.865
25.871
25.878
25.885
25.891
25.898
25.905
25.911
25.918
25.925
25.931
25.938
25.945
25.951
25.958
25.965
25.971
25.978
25.985
25.991
25.998
26.005
26.011
26.018
26.025
26.031
26.038
26.045
26.051
26.058
26.065
26.071
26.078
26.085
26.091
26.098
26.105
26.111
26.118
26.125
26.131
26.138
26.145
26.151
26.158
26.165
26.171
26.178
26.185
26.191
26.198
26.205
26.211
26.218
26.225
26.231
26.238
26.245
26.251
26.258
26.265
26.272
26.278
26.285
26.292
26.298
26.305
26.312
26.318
26.325
26.332
26.338
26.345
26.352
26.358
26.365
26.372
26.378
26.385
26.392
26.398
26.405
26.412
26.418
26.425
26.432
26.438
26.445
26.452
26.458
26.465
26.472
26.478
26.485
26.492
26.498
26.505
26.512
26.518
26.525
26.532
26.538
26.545
26.552
26.558
26.565
26.572
26.578
26.585
26.592
26.598
26.605
26.612
26.618
26.625
26.632
26.638
26.645
26.652
26.658
26.665
26.672
26.678
26.685
26.692
26.698
26.705
26.712
26.718
26.725
26.732
26.738
26.745
26.752
26.759
26.765
26.772
26.779
26.785
26.792
26.799
26.805
26.812
26.819
26.825
26.832
26.839
26.845
26.852
26.859
26.865
26.872
26.879
26.885
26.892
26.899
26.905
26.912
26.919
26.925
26.932
26.939
26.945
26.952
26.959
26.965
26.972
26.979
26.985
26.992
26.999
27.005
27.012
27.019
27.025
27.032
27.039
27.045
27.052
27.059
27.065
27.072
27.079
27.085
27.092
27.099
27.105
27.112
27.119
27.125
27.132
27.139
27.145
27.152
27.159
27.165
27.172
27.179
27.185
27.192
27.199
27.205
27.212
27.219
27.226
27.232
27.239
27.246
27.252
27.259
27.266
27.272
27.279
27.286
27.292
27.299
27.306
27.312
27.319
27.326
27.332
27.339
27.346
27.352
27.359
27.366
27.372
27.379
27.386
27.392
27.399
27.406
27.412
27.419
27.426
27.432
27.439
27.446
27.452
27.459
27.466
27.472
27.479
27.486
27.492
27.499
27.506
27.512
27.519
27.526
27.532
27.539
27.546
27.552
27.559
27.566
27.572
27.579
27.586
27.592
27.599
27.606
27.612
27.619
27.626
27.632
27.639
27.646
27.652
27.659
27.666
27.672
27.679
27.686
27.692
27.699
27.706
27.713
27.719
27.726
27.733
27.739
27.746
27.753
27.759
27.766
27.773
27.779
27.786
27.793
27.799
27.806
27.813
27.819
27.826
27.833
27.839
27.846
27.853
27.859
27.866
27.873
27.879
27.886
27.893
27.899
27.906
27.913
27.919
27.926
27.933
27.939
27.946
27.953
27.959
27.966
27.973
27.979
27.986
27.993
27.999
28.006
28.013
28.019
28.026
28.033
28.039
28.046
28.053
28.059
28.066
28.073
28.079
28.086
28.093
28.099
28.106
28.113
28.119
28.126
28.133
28.139
28.146
28.153
28.159
28.166
28.173
28.179
28.186
28.193
28.2
28.206
28.213
28.22
28.226
28.233
28.24
28.246
28.253
28.26
28.266
28.273
28.28
28.286
28.293
28.3
28.306
28.313
28.32
28.326
28.333
28.34
28.346
28.353
28.36
28.366
28.373
28.38
28.386
28.393
28.4
28.406
28.413
28.42
28.426
28.433
28.44
28.446
28.453
28.46
28.466
28.473
28.48
28.486
28.493
28.5
28.506
28.513
28.52
28.526
28.533
28.54
28.546
28.553
28.56
28.566
28.573
28.58
28.586
28.593
28.6
28.606
28.613
28.62
28.626
28.633
28.64
28.646
28.653
28.66
28.666
28.673
28.68
28.687
28.693
28.7
28.707
28.713
28.72
28.727
28.733
28.74
28.747
28.753
28.76
28.767
28.773
28.78
28.787
28.793
28.8
28.807
28.813
28.82
28.827
28.833
28.84
28.847
28.853
28.86
28.867
28.873
28.88
28.887
28.893
28.9
28.907
28.913
28.92
28.927
28.933
28.94
28.947
28.953
28.96
28.967
28.973
28.98
28.987
28.993
29
29.007
29.013
29.02
29.027
29.033
29.04
29.047
29.053
29.06
29.067
29.073
29.08
29.087
29.093
29.1
29.107
29.113
29.12
29.127
29.133
29.14
29.147
29.154
29.16
29.167
29.174
29.18
29.187
29.194
29.2
29.207
29.214
29.22
29.227
29.234
29.24
29.247
29.254
29.26
29.267
29.274
29.28
29.287
29.294
29.3
29.307
29.314
29.32
29.327
29.334
29.34
29.347
29.354
29.36
29.367
29.374
29.38
29.387
29.394
29.4
29.407
29.414
29.42
29.427
29.434
29.44
29.447
29.454
29.46
29.467
29.474
29.48
29.487
29.494
29.5
29.507
29.514
29.52
29.527
29.534
29.54
29.547
29.554
29.56
29.567
29.574
29.58
29.587
29.594
29.6
29.607
29.614
29.62
29.627
29.634
29.641
29.647
29.654
29.661
29.667
29.674
29.681
29.687
29.694
29.701
29.707
29.714
29.721
29.727
29.734
29.741
29.747
29.754
29.761
29.767
29.774
29.781
29.787
29.794
29.801
29.807
29.814
29.821
29.827
29.834
29.841
29.847
29.854
29.861
29.867
29.874
29.881
29.887
29.894
29.901
29.907
29.914
29.921
29.927
29.934
29.941
29.947
29.954
29.961
29.967
29.974
29.981
29.987
29.994
30.001
30.007
30.014
30.021
30.027
30.034
30.041
30.047
30.054
30.061
30.067
30.074
30.081
30.087
30.094
30.101
30.107
30.114
30.121
30.128
30.134
30.141
30.148
30.154
30.161
30.168
30.174
30.181
30.188
30.194
30.201
30.208
30.214
30.221
30.228
30.234
30.241
30.248
30.254
30.261
30.268
30.274
30.281
30.288
30.294
30.301
30.308
30.314
30.321
30.328
30.334
30.341
30.348
30.354
30.361
30.368
30.374
30.381
30.388
30.394
30.401
30.408
30.414
30.421
30.428
30.434
30.441
30.448
30.454
30.461
30.468
30.474
30.481
30.488
30.494
30.501
30.508
30.514
30.521
30.528
30.534
30.541
30.548
30.554
30.561
30.568
30.574
30.581
30.588
30.594
30.601
30.608
30.615
30.621
30.628
30.635
30.641
30.648
30.655
30.661
30.668
30.675
30.681
30.688
30.695
30.701
30.708
30.715
30.721
30.728
30.735
30.741
30.748
30.755
30.761
30.768
30.775
30.781
30.788
30.795
30.801
30.808
30.815
30.821
30.828
30.835
30.841
30.848
30.855
30.861
30.868
30.875
30.881
30.888
30.895
30.901
30.908
30.915
30.921
30.928
30.935
30.941
30.948
30.955
30.961
30.968
30.975
30.981
30.988
30.995
31.001
31.008
31.015
31.021
31.028
31.035
31.041
31.048
31.055
31.061
31.068
31.075
31.082
31.088
31.095
31.102
31.108
31.115
31.122
31.128
31.135
31.142
31.148
31.155
31.162
31.168
31.175
31.182
31.188
31.195
31.202
31.208
31.215
31.222
31.228
31.235
31.242
31.248
31.255
31.262
31.268
31.275
31.282
31.288
31.295
31.302
31.308
31.315
31.322
31.328
31.335
31.342
31.348
31.355
31.362
31.368
31.375
31.382
31.388
31.395
31.402
31.408
31.415
31.422
31.428
31.435
31.442
31.448
31.455
31.462
31.468
31.475
31.482
31.488
31.495
31.502
31.508
31.515
31.522
31.528
31.535
31.542
31.548
31.555
31.562
31.569
31.575
31.582
31.589
31.595
31.602
31.609
31.615
31.622
31.629
31.635
31.642
31.649
31.655
31.662
31.669
31.675
31.682
31.689
31.695
31.702
31.709
31.715
31.722
31.729
31.735
31.742
31.749
31.755
31.762
31.769
31.775
31.782
31.789
31.795
31.802
31.809
31.815
31.822
31.829
31.835
31.842
31.849
31.855
31.862
31.869
31.875
31.882
31.889
31.895
31.902
31.909
31.915
31.922
31.929
31.935
31.942
31.949
31.955
31.962
31.969
31.975
31.982
31.989
31.995
32.002
32.009
32.015
32.022
32.029
32.035
32.042
32.049
32.056
32.062
32.069
32.076
32.082
32.089
32.096
32.102
32.109
32.116
32.122
32.129
32.136
32.142
32.149
32.156
32.162
32.169
32.176
32.182
32.189
32.196
32.202
32.209
32.216
32.222
32.229
32.236
32.242
32.249
32.256
32.262
32.269
32.276
32.282
32.289
32.296
32.302
32.309
32.316
32.322
32.329
32.336
32.342
32.349
32.356
32.362
32.369
32.376
32.382
32.389
32.396
32.402
32.409
32.416
32.422
32.429
32.436
32.442
32.449
32.456
32.462
32.469
32.476
32.482
32.489
32.496
32.502
32.509
32.516
32.522
32.529
32.536
32.543
32.549
32.556
32.563
32.569
32.576
32.583
32.589
32.596
32.603
32.609
32.616
32.623
32.629
32.636
32.643
32.649
32.656
32.663
32.669
32.676
32.683
32.689
32.696
32.703
32.709
32.716
32.723
32.729
32.736
32.743
32.749
32.756
32.763
32.769
32.776
32.783
32.789
32.796
32.803
32.809
32.816
32.823
32.829
32.836
32.843
32.849
32.856
32.863
32.869
32.876
32.883
32.889
32.896
32.903
32.909
32.916
32.923
32.929
32.936
32.943
32.949
32.956
32.963
32.969
32.976
32.983
32.989
32.996
33.003
33.01
33.016
33.023
33.03
33.036
33.043
33.05
33.056
33.063
33.07
33.076
33.083
33.09
33.096
33.103
33.11
33.116
33.123
33.13
33.136
33.143
33.15
33.156
33.163
33.17
33.176
33.183
33.19
33.196
33.203
33.21
33.216
33.223
33.23
33.236
33.243
33.25
33.256
33.263
33.27
33.276
33.283
33.29
33.296
33.303
33.31
33.316
33.323
33.33
33.336
33.343
33.35
33.356
33.363
33.37
33.376
33.383
33.39
33.396
33.403
33.41
33.416
33.423
33.43
33.436
33.443
33.45
33.456
33.463
33.47
33.476
33.483
33.49
33.497
33.503
33.51
33.517
33.523
33.53
33.537
33.543
33.55
33.557
33.563
33.57
33.577
33.583
33.59
33.597
33.603
33.61
33.617
33.623
33.63
33.637
33.643
33.65
33.657
33.663
33.67
33.677
33.683
33.69
33.697
33.703
33.71
33.717
33.723
33.73
33.737
33.743
33.75
33.757
33.763
33.77
33.777
33.783
33.79
33.797
33.803
33.81
33.817
33.823
33.83
33.837
33.843
33.85
33.857
33.863
33.87
33.877
33.883
33.89
33.897
33.903
33.91
33.917
33.923
33.93
33.937
33.943
33.95
33.957
33.963
33.97
33.977
33.984
33.99
33.997
34.004
34.01
34.017
34.024
34.03
34.037
34.044
34.05
34.057
34.064
34.07
34.077
34.084
34.09
34.097
34.104
34.11
34.117
34.124
34.13
34.137
34.144
34.15
34.157
34.164
34.17
34.177
34.184
34.19
34.197
34.204
34.21
34.217
34.224
34.23
34.237
34.244
34.25
34.257
34.264
34.27
34.277
34.284
34.29
34.297
34.304
34.31
34.317
34.324
34.33
34.337
34.344
34.35
34.357
34.364
34.37
34.377
34.384
34.39
34.397
34.404
34.41
34.417
34.424
34.43
34.437
34.444
34.45
34.457
34.464
34.471
34.477
34.484
34.491
34.497
34.504
34.511
34.517
34.524
34.531
34.537
34.544
34.551
34.557
34.564
34.571
34.577
34.584
34.591
34.597
34.604
34.611
34.617
34.624
34.631
34.637
34.644
34.651
34.657
34.664
34.671
34.677
34.684
34.691
34.697
34.704
34.711
34.717
34.724
34.731
34.737
34.744
34.751
34.757
34.764
34.771
34.777
34.784
34.791
34.797
34.804
34.811
34.817
34.824
34.831
34.837
34.844
34.851
34.857
34.864
34.871
34.877
34.884
34.891
34.897
34.904
34.911
34.917
34.924
34.931
34.938
34.944
34.951
34.958
34.964
34.971
34.978
34.984
34.991
34.998
35.004
35.011
35.018
35.024
35.031
35.038
35.044
35.051
35.058
35.064
35.071
35.078
35.084
35.091
35.098
35.104
35.111
35.118
35.124
35.131
35.138
35.144
35.151
35.158
35.164
35.171
35.178
35.184
35.191
35.198
35.204
35.211
35.218
35.224
35.231
35.238
35.244
35.251
35.258
35.264
35.271
35.278
35.284
35.291
35.298
35.304
35.311
35.318
35.324
35.331
35.338
35.344
35.351
35.358
35.364
35.371
35.378
35.384
35.391
35.398
35.404
35.411
35.418
35.425
35.431
35.438
35.445
35.451
35.458
35.465
35.471
35.478
35.485
35.491
35.498
35.505
35.511
35.518
35.525
35.531
35.538
35.545
35.551
35.558
35.565
35.571
35.578
35.585
35.591
35.598
35.605
35.611
35.618
35.625
35.631
35.638
35.645
35.651
35.658
35.665
35.671
35.678
35.685
35.691
35.698
35.705
35.711
35.718
35.725
35.731
35.738
35.745
35.751
35.758
35.765
35.771
35.778
35.785
35.791
35.798
35.805
35.811
35.818
35.825
35.831
35.838
35.845
35.851
35.858
35.865
35.871
35.878
35.885
35.891
35.898
35.905
35.912
35.918
35.925
35.932
35.938
35.945
35.952
35.958
35.965
35.972
35.978
35.985
35.992
35.998
36.005
36.012
36.018
36.025
36.032
36.038
36.045
36.052
36.058
36.065
36.072
36.078
36.085
36.092
36.098
36.105
36.112
36.118
36.125
36.132
36.138
36.145
36.152
36.158
36.165
36.172
36.178
36.185
36.192
36.198
36.205
36.212
36.218
36.225
36.232
36.238
36.245
36.252
36.258
36.265
36.272
36.278
36.285
36.292
36.298
36.305
36.312
36.318
36.325
36.332
36.338
36.345
36.352
36.358
36.365
36.372
36.379
36.385
36.392
36.399
36.405
36.412
36.419
36.425
36.432
36.439
36.445
36.452
36.459
36.465
36.472
36.479
36.485
36.492
36.499
36.505
36.512
36.519
36.525
36.532
36.539
36.545
36.552
36.559
36.565
36.572
36.579
36.585
36.592
36.599
36.605
36.612
36.619
36.625
36.632
36.639
36.645
36.652
36.659
36.665
36.672
36.679
36.685
36.692
36.699
36.705
36.712
36.719
36.725
36.732
36.739
36.745
36.752
36.759
36.765
36.772
36.779
36.785
36.792
36.799
36.805
36.812
36.819
36.825
36.832
36.839
36.845
36.852
36.859
36.866
36.872
36.879
36.886
36.892
36.899
36.906
36.912
36.919
36.926
36.932
36.939
36.946
36.952
36.959
36.966
36.972
36.979
36.986
36.992
36.999
37.006
37.012
37.019
37.026
37.032
37.039
37.046
37.052
37.059
37.066
37.072
37.079
37.086
37.092
37.099
37.106
37.112
37.119
37.126
37.132
37.139
37.146
37.152
37.159
37.166
37.172
37.179
37.186
37.192
37.199
37.206
37.212
37.219
37.226
37.232
37.239
37.246
37.252
37.259
37.266
37.272
37.279
37.286
37.292
37.299
37.306
37.312
37.319
37.326
37.332
37.339
37.346
37.353
37.359
37.366
37.373
37.379
37.386
37.393
37.399
37.406
37.413
37.419
37.426
37.433
37.439
37.446
37.453
37.459
37.466
37.473
37.479
37.486
37.493
37.499
37.506
37.513
37.519
37.526
37.533
37.539
37.546
37.553
37.559
37.566
37.573
37.579
37.586
37.593
37.599
37.606
37.613
37.619
37.626
37.633
37.639
37.646
37.653
37.659
37.666
37.673
37.679
37.686
37.693
37.699
37.706
37.713
37.719
37.726
37.733
37.739
37.746
37.753
37.759
37.766
37.773
37.779
37.786
37.793
37.799
37.806
37.813
37.819
37.826
37.833
37.84
37.846
37.853
37.86
37.866
37.873
37.88
37.886
37.893
37.9
37.906
37.913
37.92
37.926
37.933
37.94
37.946
37.953
37.96
37.966
37.973
37.98
37.986
37.993
38
38.006
38.013
38.02
38.026
38.033
38.04
38.046
38.053
38.06
38.066
38.073
38.08
38.086
38.093
38.1
38.106
38.113
38.12
38.126
38.133
38.14
38.146
38.153
38.16
38.166
38.173
38.18
38.186
38.193
38.2
38.206
38.213
38.22
38.226
38.233
38.24
38.246
38.253
38.26
38.266
38.273
38.28
38.286
38.293
38.3
38.307
38.313
38.32
38.327
38.333
38.34
38.347
38.353
38.36
38.367
38.373
38.38
38.387
38.393
38.4
38.407
38.413
38.42
38.427
38.433
38.44
38.447
38.453
38.46
38.467
38.473
38.48
38.487
38.493
38.5
38.507
38.513
38.52
38.527
38.533
38.54
38.547
38.553
38.56
38.567
38.573
38.58
38.587
38.593
38.6
38.607
38.613
38.62
38.627
38.633
38.64
38.647
38.653
38.66
38.667
38.673
38.68
38.687
38.693
38.7
38.707
38.713
38.72
38.727
38.733
38.74
38.747
38.753
38.76
38.767
38.773
38.78
38.787
38.794
38.8
38.807
38.814
38.82
38.827
38.834
38.84
38.847
38.854
38.86
38.867
38.874
38.88
38.887
38.894
38.9
38.907
38.914
38.92
38.927
38.934
38.94
38.947
38.954
38.96
38.967
38.974
38.98
38.987
38.994
39
39.007
39.014
39.02
39.027
39.034
39.04
39.047
39.054
39.06
39.067
39.074
39.08
39.087
39.094
39.1
39.107
39.114
39.12
39.127
39.134
39.14
39.147
39.154
39.16
39.167
39.174
39.18
39.187
39.194
39.2
39.207
39.214
39.22
39.227
39.234
39.24
39.247
39.254
39.26
39.267
39.274
39.281
39.287
39.294
39.301
39.307
39.314
39.321
39.327
39.334
39.341
39.347
39.354
39.361
39.367
39.374
39.381
39.387
39.394
39.401
39.407
39.414
39.421
39.427
39.434
39.441
39.447
39.454
39.461
39.467
39.474
39.481
39.487
39.494
39.501
39.507
39.514
39.521
39.527
39.534
39.541
39.547
39.554
39.561
39.567
39.574
39.581
39.587
39.594
39.601
39.607
39.614
39.621
39.627
39.634
39.641
39.647
39.654
39.661
39.667
39.674
39.681
39.687
39.694
39.701
39.707
39.714
39.721
39.727
39.734
39.741
39.747
39.754
39.761
39.768
39.774
39.781
39.788
39.794
39.801
39.808
39.814
39.821
39.828
39.834
39.841
39.848
39.854
39.861
39.868
39.874
39.881
39.888
39.894
39.901
39.908
39.914
39.921
39.928
39.934
39.941
39.948
39.954
39.961
39.968
39.974
39.981
39.988
39.994
40.001
40.008
40.014
40.021
40.028
40.034
40.041
40.048
40.054
40.061
40.068
40.074
40.081
40.088
40.094
40.101
40.108
40.114
40.121
40.128
40.134
40.141
40.148
40.154
40.161
40.168
40.174
40.181
40.188
40.194
40.201
40.208
40.214
40.221
40.228
40.235
40.241
40.248
40.255
40.261
40.268
40.275
40.281
40.288
40.295
40.301
40.308
40.315
40.321
40.328
40.335
40.341
40.348
40.355
40.361
40.368
40.375
40.381
40.388
40.395
40.401
40.408
40.415
40.421
40.428
40.435
40.441
40.448
40.455
40.461
40.468
40.475
40.481
40.488
40.495
40.501
40.508
40.515
40.521
40.528
40.535
40.541
40.548
40.555
40.561
40.568
40.575
40.581
40.588
40.595
40.601
40.608
40.615
40.621
40.628
40.635
40.641
40.648
40.655
40.661
40.668
40.675
40.681
40.688
40.695
40.701
40.708
40.715
40.722
40.728
40.735
40.742
40.748
40.755
40.762
40.768
40.775
40.782
40.788
40.795
40.802
40.808
40.815
40.822
40.828
40.835
40.842
40.848
40.855
40.862
40.868
40.875
40.882
40.888
40.895
40.902
40.908
40.915
40.922
40.928
40.935
40.942
40.948
40.955
40.962
40.968
40.975
40.982
40.988
40.995
41.002
41.008
41.015
41.022
41.028
41.035
41.042
41.048
41.055
41.062
41.068
41.075
41.082
41.088
41.095
41.102
41.108
41.115
41.122
41.128
41.135
41.142
41.148
41.155
41.162
41.168
41.175
41.182
41.188
41.195
41.202
41.209
41.215
41.222
41.229
41.235
41.242
41.249
41.255
41.262
41.269
41.275
41.282
41.289
41.295
41.302
41.309
41.315
41.322
41.329
41.335
41.342
41.349
41.355
41.362
41.369
41.375
41.382
41.389
41.395
41.402
41.409
41.415
41.422
41.429
41.435
41.442
41.449
41.455
41.462
41.469
41.475
41.482
41.489
41.495
41.502
41.509
41.515
41.522
41.529
41.535
41.542
41.549
41.555
41.562
41.569
41.575
41.582
41.589
41.595
41.602
41.609
41.615
41.622
41.629
41.635
41.642
41.649
41.655
41.662
41.669
41.675
41.682
41.689
41.696
41.702
41.709
41.716
41.722
41.729
41.736
41.742
41.749
41.756
41.762
41.769
41.776
41.782
41.789
41.796
41.802
41.809
41.816
41.822
41.829
41.836
41.842
41.849
41.856
41.862
41.869
41.876
41.882
41.889
41.896
41.902
41.909
41.916
41.922
41.929
41.936
41.942
41.949
41.956
41.962
41.969
41.976
41.982
41.989
41.996
42.002
42.009
42.016
42.022
42.029
42.036
42.042
42.049
42.056
42.062
42.069
42.076
42.082
42.089
42.096
42.102
42.109
42.116
42.122
42.129
42.136
42.142
42.149
42.156
42.163
42.169
42.176
42.183
42.189
42.196
42.203
42.209
42.216
42.223
42.229
42.236
42.243
42.249
42.256
42.263
42.269
42.276
42.283
42.289
42.296
42.303
42.309
42.316
42.323
42.329
42.336
42.343
42.349
42.356
42.363
42.369
42.376
42.383
42.389
42.396
42.403
42.409
42.416
42.423
42.429
42.436
42.443
42.449
42.456
42.463
42.469
42.476
42.483
42.489
42.496
42.503
42.509
42.516
42.523
42.529
42.536
42.543
42.549
42.556
42.563
42.569
42.576
42.583
42.589
42.596
42.603
42.609
42.616
42.623
42.629
42.636
42.643
42.65
42.656
42.663
42.67
42.676
42.683
42.69
42.696
42.703
42.71
42.716
42.723
42.73
42.736
42.743
42.75
42.756
42.763
42.77
42.776
42.783
42.79
42.796
42.803
42.81
42.816
42.823
42.83
42.836
42.843
42.85
42.856
42.863
42.87
42.876
42.883
42.89
42.896
42.903
42.91
42.916
42.923
42.93
42.936
42.943
42.95
42.956
42.963
42.97
42.976
42.983
42.99
42.996
43.003
43.01
43.016
43.023
43.03
43.036
43.043
43.05
43.056
43.063
43.07
43.076
43.083
43.09
43.096
43.103
43.11
43.116
43.123
43.13
43.137
43.143
43.15
43.157
43.163
43.17
43.177
43.183
43.19
43.197
43.203
43.21
43.217
43.223
43.23
43.237
43.243
43.25
43.257
43.263
43.27
43.277
43.283
43.29
43.297
43.303
43.31
43.317
43.323
43.33
43.337
43.343
43.35
43.357
43.363
43.37
43.377
43.383
43.39
43.397
43.403
43.41
43.417
43.423
43.43
43.437
43.443
43.45
43.457
43.463
43.47
43.477
43.483
43.49
43.497
43.503
43.51
43.517
43.523
43.53
43.537
43.543
43.55
43.557
43.563
43.57
43.577
43.583
43.59
43.597
43.603
43.61
43.617
43.624
43.63
43.637
43.644
43.65
43.657
43.664
43.67
43.677
43.684
43.69
43.697
43.704
43.71
43.717
43.724
43.73
43.737
43.744
43.75
43.757
43.764
43.77
43.777
43.784
43.79
43.797
43.804
43.81
43.817
43.824
43.83
43.837
43.844
43.85
43.857
43.864
43.87
43.877
43.884
43.89
43.897
43.904
43.91
43.917
43.924
43.93
43.937
43.944
43.95
43.957
43.964
43.97
43.977
43.984
43.99
43.997
44.004
44.01
44.017
44.024
44.03
44.037
44.044
44.05
44.057
44.064
44.07
44.077
44.084
44.091
44.097
44.104
44.111
44.117
44.124
44.131
44.137
44.144
44.151
44.157
44.164
44.171
44.177
44.184
44.191
44.197
44.204
44.211
44.217
44.224
44.231
44.237
44.244
44.251
44.257
44.264
44.271
44.277
44.284
44.291
44.297
44.304
44.311
44.317
44.324
44.331
44.337
44.344
44.351
44.357
44.364
44.371
44.377
44.384
44.391
44.397
44.404
44.411
44.417
44.424
44.431
44.437
44.444
44.451
44.457
44.464
44.471
44.477
44.484
44.491
44.497
44.504
44.511
44.517
44.524
44.531
44.537
44.544
44.551
44.557
44.564
44.571
44.578
44.584
44.591
44.598
44.604
44.611
44.618
44.624
44.631
44.638
44.644
44.651
44.658
44.664
44.671
44.678
44.684
44.691
44.698
44.704
44.711
44.718
44.724
44.731
44.738
44.744
44.751
44.758
44.764
44.771
44.778
44.784
44.791
44.798
44.804
44.811
44.818
44.824
44.831
44.838
44.844
44.851
44.858
44.864
44.871
44.878
44.884
44.891
44.898
44.904
44.911
44.918
44.924
44.931
44.938
44.944
44.951
44.958
44.964
44.971
44.978
44.984
44.991
44.998
45.004
45.011
45.018
45.024
45.031
45.038
45.044
45.051
45.058
45.065
45.071
45.078
45.085
45.091
45.098
45.105
45.111
45.118
45.125
45.131
45.138
45.145
45.151
45.158
45.165
45.171
45.178
45.185
45.191
45.198
45.205
45.211
45.218
45.225
45.231
45.238
45.245
45.251
45.258
45.265
45.271
45.278
45.285
45.291
45.298
45.305
45.311
45.318
45.325
45.331
45.338
45.345
45.351
45.358
45.365
45.371
45.378
45.385
45.391
45.398
45.405
45.411
45.418
45.425
45.431
45.438
45.445
45.451
45.458
45.465
45.471
45.478
45.485
45.491
45.498
45.505
45.511
45.518
45.525
45.531
45.538
45.545
45.552
45.558
45.565
45.572
45.578
45.585
45.592
45.598
45.605
45.612
45.618
45.625
45.632
45.638
45.645
45.652
45.658
45.665
45.672
45.678
45.685
45.692
45.698
45.705
45.712
45.718
45.725
45.732
45.738
45.745
45.752
45.758
45.765
45.772
45.778
45.785
45.792
45.798
45.805
45.812
45.818
45.825
45.832
45.838
45.845
45.852
45.858
45.865
45.872
45.878
45.885
45.892
45.898
45.905
45.912
45.918
45.925
45.932
45.938
45.945
45.952
45.958
45.965
45.972
45.978
45.985
45.992
45.998
46.005
46.012
46.019
46.025
46.032
46.039
46.045
46.052
46.059
46.065
46.072
46.079
46.085
46.092
46.099
46.105
46.112
46.119
46.125
46.132
46.139
46.145
46.152
46.159
46.165
46.172
46.179
46.185
46.192
46.199
46.205
46.212
46.219
46.225
46.232
46.239
46.245
46.252
46.259
46.265
46.272
46.279
46.285
46.292
46.299
46.305
46.312
46.319
46.325
46.332
46.339
46.345
46.352
46.359
46.365
46.372
46.379
46.385
46.392
46.399
46.405
46.412
46.419
46.425
46.432
46.439
46.445
46.452
46.459
46.465
46.472
46.479
46.485
46.492
46.499
46.506
46.512
46.519
46.526
46.532
46.539
46.546
46.552
46.559
46.566
46.572
46.579
46.586
46.592
46.599
46.606
46.612
46.619
46.626
46.632
46.639
46.646
46.652
46.659
46.666
46.672
46.679
46.686
46.692
46.699
46.706
46.712
46.719
46.726
46.732
46.739
46.746
46.752
46.759
46.766
46.772
46.779
46.786
46.792
46.799
46.806
46.812
46.819
46.826
46.832
46.839
46.846
46.852
46.859
46.866
46.872
46.879
46.886
46.892
46.899
46.906
46.912
46.919
46.926
46.932
46.939
46.946
46.952
46.959
46.966
46.972
46.979
46.986
46.993
46.999
47.006
47.013
47.019
47.026
47.033
47.039
47.046
47.053
47.059
47.066
47.073
47.079
47.086
47.093
47.099
47.106
47.113
47.119
47.126
47.133
47.139
47.146
47.153
47.159
47.166
47.173
47.179
47.186
47.193
47.199
47.206
47.213
47.219
47.226
47.233
47.239
47.246
47.253
47.259
47.266
47.273
47.279
47.286
47.293
47.299
47.306
47.313
47.319
47.326
47.333
47.339
47.346
47.353
47.359
47.366
47.373
47.379
47.386
47.393
47.399
47.406
47.413
47.419
47.426
47.433
47.439
47.446
47.453
47.459
47.466
47.473
47.48
47.486
47.493
47.5
47.506
47.513
47.52
47.526
47.533
47.54
47.546
47.553
47.56
47.566
47.573
47.58
47.586
47.593
47.6
47.606
47.613
47.62
47.626
47.633
47.64
47.646
47.653
47.66
47.666
47.673
47.68
47.686
47.693
47.7
47.706
47.713
47.72
47.726
47.733
47.74
47.746
47.753
47.76
47.766
47.773
47.78
47.786
47.793
47.8
47.806
47.813
47.82
47.826
47.833
47.84
47.846
47.853
47.86
47.866
47.873
47.88
47.886
47.893
47.9
47.906
47.913
47.92
47.926
47.933
47.94
47.947
47.953
47.96
47.967
47.973
47.98
47.987
47.993
48
48.007
48.013
48.02
48.027
48.033
48.04
48.047
48.053
48.06
48.067
48.073
48.08
48.087
48.093
48.1
48.107
48.113
48.12
48.127
48.133
48.14
48.147
48.153
48.16
48.167
48.173
48.18
48.187
48.193
48.2
48.207
48.213
48.22
48.227
48.233
48.24
48.247
48.253
48.26
48.267
48.273
48.28
48.287
48.293
48.3
48.307
48.313
48.32
48.327
48.333
48.34
48.347
48.353
48.36
48.367
48.373
48.38
48.387
48.393
48.4
48.407
48.413
48.42
48.427
48.434
48.44
48.447
48.454
48.46
48.467
48.474
48.48
48.487
48.494
48.5
48.507
48.514
48.52
48.527
48.534
48.54
48.547
48.554
48.56
48.567
48.574
48.58
48.587
48.594
48.6
48.607
48.614
48.62
48.627
48.634
48.64
48.647
48.654
48.66
48.667
48.674
48.68
48.687
48.694
48.7
48.707
48.714
48.72
48.727
48.734
48.74
48.747
48.754
48.76
48.767
48.774
48.78
48.787
48.794
48.8
48.807
48.814
48.82
48.827
48.834
48.84
48.847
48.854
48.86
48.867
48.874
48.88
48.887
48.894
48.9
48.907
48.914
48.921
48.927
48.934
48.941
48.947
48.954
48.961
48.967
48.974
48.981
48.987
48.994
49.001
49.007
49.014
49.021
49.027
49.034
49.041
49.047
49.054
49.061
49.067
49.074
49.081
49.087
49.094
49.101
49.107
49.114
49.121
49.127
49.134
49.141
49.147
49.154
49.161
49.167
49.174
49.181
49.187
49.194
49.201
49.207
49.214
49.221
49.227
49.234
49.241
49.247
49.254
49.261
49.267
49.274
49.281
49.287
49.294
49.301
49.307
49.314
49.321
49.327
49.334
49.341
49.347
49.354
49.361
49.367
49.374
49.381
49.387
49.394
49.401
49.408
49.414
49.421
49.428
49.434
49.441
49.448
49.454
49.461
49.468
49.474
49.481
49.488
49.494
49.501
49.508
49.514
49.521
49.528
49.534
49.541
49.548
49.554
49.561
49.568
49.574
49.581
49.588
49.594
49.601
49.608
49.614
49.621
49.628
49.634
49.641
49.648
49.654
49.661
49.668
49.674
49.681
49.688
49.694
49.701
49.708
49.714
49.721
49.728
49.734
49.741
49.748
49.754
49.761
49.768
49.774
49.781
49.788
49.794
49.801
49.808
49.814
49.821
49.828
49.834
49.841
49.848
49.854
49.861
49.868
49.875
49.881
49.888
49.895
49.901
49.908
49.915
49.921
49.928
49.935
49.941
49.948
49.955
49.961
49.968
49.975
49.981
49.988
49.995
50.001
50.008
50.015
50.021
50.028
50.035
50.041
50.048
50.055
50.061
50.068
50.075
50.081
50.088
50.095
50.101
50.108
50.115
50.121
50.128
50.135
50.141
50.148
50.155
50.161
50.168
50.175
50.181
50.188
50.195
50.201
50.208
50.215
50.221
50.228
50.235
50.241
50.248
50.255
50.261
50.268
50.275
50.281
50.288
50.295
50.301
50.308
50.315
50.321
50.328
50.335
50.341
50.348
50.355
50.362
50.368
50.375
50.382
50.388
50.395
50.402
50.408
50.415
50.422
50.428
50.435
50.442
50.448
50.455
50.462
50.468
50.475
50.482
50.488
50.495
50.502
50.508
50.515
50.522
50.528
50.535
50.542
50.548
50.555
50.562
50.568
50.575
50.582
50.588
50.595
50.602
50.608
50.615
50.622
50.628
50.635
50.642
50.648
50.655
50.662
50.668
50.675
50.682
50.688
50.695
50.702
50.708
50.715
50.722
50.728
50.735
50.742
50.748
50.755
50.762
50.768
50.775
50.782
50.788
50.795
50.802
50.808
50.815
50.822
50.828
50.835
50.842
50.849
50.855
50.862
50.869
50.875
50.882
50.889
50.895
50.902
50.909
50.915
50.922
50.929
50.935
50.942
50.949
50.955
50.962
50.969
50.975
50.982
50.989
50.995
51.002
51.009
51.015
51.022
51.029
51.035
51.042
51.049
51.055
51.062
51.069
51.075
51.082
51.089
51.095
51.102
51.109
51.115
51.122
51.129
51.135
51.142
51.149
51.155
51.162
51.169
51.175
51.182
51.189
51.195
51.202
51.209
51.215
51.222
51.229
51.235
51.242
51.249
51.255
51.262
51.269
51.275
51.282
51.289
51.295
51.302
51.309
51.316
51.322
51.329
51.336
51.342
51.349
51.356
51.362
51.369
51.376
51.382
51.389
51.396
51.402
51.409
51.416
51.422
51.429
51.436
51.442
51.449
51.456
51.462
51.469
51.476
51.482
51.489
51.496
51.502
51.509
51.516
51.522
51.529
51.536
51.542
51.549
51.556
51.562
51.569
51.576
51.582
51.589
51.596
51.602
51.609
51.616
51.622
51.629
51.636
51.642
51.649
51.656
51.662
51.669
51.676
51.682
51.689
51.696
51.702
51.709
51.716
51.722
51.729
51.736
51.742
51.749
51.756
51.762
51.769
51.776
51.782
51.789
51.796
51.803
51.809
51.816
51.823
51.829
51.836
51.843
51.849
51.856
51.863
51.869
51.876
51.883
51.889
51.896
51.903
51.909
51.916
51.923
51.929
51.936
51.943
51.949
51.956
51.963
51.969
51.976
51.983
51.989
51.996
52.003
52.009
52.016
52.023
52.029
52.036
52.043
52.049
52.056
52.063
52.069
52.076
52.083
52.089
52.096
52.103
52.109
52.116
52.123
52.129
52.136
52.143
52.149
52.156
52.163
52.169
52.176
52.183
52.189
52.196
52.203
52.209
52.216
52.223
52.229
52.236
52.243
52.249
52.256
52.263
52.269
52.276
52.283
52.29
52.296
52.303
52.31
52.316
52.323
52.33
52.336
52.343
52.35
52.356
52.363
52.37
52.376
52.383
52.39
52.396
52.403
52.41
52.416
52.423
52.43
52.436
52.443
52.45
52.456
52.463
52.47
52.476
52.483
52.49
52.496
52.503
52.51
52.516
52.523
52.53
52.536
52.543
52.55
52.556
52.563
52.57
52.576
52.583
52.59
52.596
52.603
52.61
52.616
52.623
52.63
52.636
52.643
52.65
52.656
52.663
52.67
52.676
52.683
52.69
52.696
52.703
52.71
52.716
52.723
52.73
52.736
52.743
52.75
52.756
52.763
52.77
52.777
52.783
52.79
52.797
52.803
52.81
52.817
52.823
52.83
52.837
52.843
52.85
52.857
52.863
52.87
52.877
52.883
52.89
52.897
52.903
52.91
52.917
52.923
52.93
52.937
52.943
52.95
52.957
52.963
52.97
52.977
52.983
52.99
52.997
53.003
53.01
53.017
53.023
53.03
53.037
53.043
53.05
53.057
53.063
53.07
53.077
53.083
53.09
53.097
53.103
53.11
53.117
53.123
53.13
53.137
53.143
53.15
53.157
53.163
53.17
53.177
53.183
53.19
53.197
53.203
53.21
53.217
53.223
53.23
53.237
53.244
53.25
53.257
53.264
53.27
53.277
53.284
53.29
53.297
53.304
53.31
53.317
53.324
53.33
53.337
53.344
53.35
53.357
53.364
53.37
53.377
53.384
53.39
53.397
53.404
53.41
53.417
53.424
53.43
53.437
53.444
53.45
53.457
53.464
53.47
53.477
53.484
53.49
53.497
53.504
53.51
53.517
53.524
53.53
53.537
53.544
53.55
53.557
53.564
53.57
53.577
53.584
53.59
53.597
53.604
53.61
53.617
53.624
53.63
53.637
53.644
53.65
53.657
53.664
53.67
53.677
53.684
53.69
53.697
53.704
53.71
53.717
53.724
53.731
53.737
53.744
53.751
53.757
53.764
53.771
53.777
53.784
53.791
53.797
53.804
53.811
53.817
53.824
53.831
53.837
53.844
53.851
53.857
53.864
53.871
53.877
53.884
53.891
53.897
53.904
53.911
53.917
53.924
53.931
53.937
53.944
53.951
53.957
53.964
53.971
53.977
53.984
53.991
53.997
54.004
54.011
54.017
54.024
54.031
54.037
54.044
54.051
54.057
54.064
54.071
54.077
54.084
54.091
54.097
54.104
54.111
54.117
54.124
54.131
54.137
54.144
54.151
54.157
54.164
54.171
54.177
54.184
54.191
54.197
54.204
54.211
54.218
54.224
54.231
54.238
54.244
54.251
54.258
54.264
54.271
54.278
54.284
54.291
54.298
54.304
54.311
54.318
54.324
54.331
54.338
54.344
54.351
54.358
54.364
54.371
54.378
54.384
54.391
54.398
54.404
54.411
54.418
54.424
54.431
54.438
54.444
54.451
54.458
54.464
54.471
54.478
54.484
54.491
54.498
54.504
54.511
54.518
54.524
54.531
54.538
54.544
54.551
54.558
54.564
54.571
54.578
54.584
54.591
54.598
54.604
54.611
54.618
54.624
54.631
54.638
54.644
54.651
54.658
54.664
54.671
54.678
54.684
54.691
54.698
54.705
54.711
54.718
54.725
54.731
54.738
54.745
54.751
54.758
54.765
54.771
54.778
54.785
54.791
54.798
54.805
54.811
54.818
54.825
54.831
54.838
54.845
54.851
54.858
54.865
54.871
54.878
54.885
54.891
54.898
54.905
54.911
54.918
54.925
54.931
54.938
54.945
54.951
54.958
54.965
54.971
54.978
54.985
54.991
54.998
55.005
55.011
55.018
55.025
55.031
55.038
55.045
55.051
55.058
55.065
55.071
55.078
55.085
55.091
55.098
55.105
55.111
55.118
55.125
55.131
55.138
55.145
55.151
55.158
55.165
55.172
55.178
55.185
55.192
55.198
55.205
55.212
55.218
55.225
55.232
55.238
55.245
55.252
55.258
55.265
55.272
55.278
55.285
55.292
55.298
55.305
55.312
55.318
55.325
55.332
55.338
55.345
55.352
55.358
55.365
55.372
55.378
55.385
55.392
55.398
55.405
55.412
55.418
55.425
55.432
55.438
55.445
55.452
55.458
55.465
55.472
55.478
55.485
55.492
55.498
55.505
55.512
55.518
55.525
55.532
55.538
55.545
55.552
55.558
55.565
55.572
55.578
55.585
55.592
55.598
55.605
55.612
55.618
55.625
55.632
55.638
55.645
55.652
55.659
55.665
55.672
55.679
55.685
55.692
55.699
55.705
55.712
55.719
55.725
55.732
55.739
55.745
55.752
55.759
55.765
55.772
55.779
55.785
55.792
55.799
55.805
55.812
55.819
55.825
55.832
55.839
55.845
55.852
55.859
55.865
55.872
55.879
55.885
55.892
55.899
55.905
55.912
55.919
55.925
55.932
55.939
55.945
55.952
55.959
55.965
55.972
55.979
55.985
55.992
55.999
56.005
56.012
56.019
56.025
56.032
56.039
56.045
56.052
56.059
56.065
56.072
56.079
56.085
56.092
56.099
56.105
56.112
56.119
56.125
56.132
56.139
56.146
56.152
56.159
56.166
56.172
56.179
56.186
56.192
56.199
56.206
56.212
56.219
56.226
56.232
56.239
56.246
56.252
56.259
56.266
56.272
56.279
56.286
56.292
56.299
56.306
56.312
56.319
56.326
56.332
56.339
56.346
56.352
56.359
56.366
56.372
56.379
56.386
56.392
56.399
56.406
56.412
56.419
56.426
56.432
56.439
56.446
56.452
56.459
56.466
56.472
56.479
56.486
56.492
56.499
56.506
56.512
56.519
56.526
56.532
56.539
56.546
56.552
56.559
56.566
56.572
56.579
56.586
56.592
56.599
56.606
56.612
56.619
56.626
56.633
56.639
56.646
56.653
56.659
56.666
56.673
56.679
56.686
56.693
56.699
56.706
56.713
56.719
56.726
56.733
56.739
56.746
56.753
56.759
56.766
56.773
56.779
56.786
56.793
56.799
56.806
56.813
56.819
56.826
56.833
56.839
56.846
56.853
56.859
56.866
56.873
56.879
56.886
56.893
56.899
56.906
56.913
56.919
56.926
56.933
56.939
56.946
56.953
56.959
56.966
56.973
56.979
56.986
56.993
56.999
57.006
57.013
57.019
57.026
57.033
57.039
57.046
57.053
57.059
57.066
57.073
57.079
57.086
57.093
57.1
57.106
57.113
57.12
57.126
57.133
57.14
57.146
57.153
57.16
57.166
57.173
57.18
57.186
57.193
57.2
57.206
57.213
57.22
57.226
57.233
57.24
57.246
57.253
57.26
57.266
57.273
57.28
57.286
57.293
57.3
57.306
57.313
57.32
57.326
57.333
57.34
57.346
57.353
57.36
57.366
57.373
57.38
57.386
57.393
57.4
57.406
57.413
57.42
57.426
57.433
57.44
57.446
57.453
57.46
57.466
57.473
57.48
57.486
57.493
57.5
57.506
57.513
57.52
57.526
57.533
57.54
57.546
57.553
57.56
57.566
57.573
57.58
57.587
57.593
57.6
57.607
57.613
57.62
57.627
57.633
57.64
57.647
57.653
57.66
57.667
57.673
57.68
57.687
57.693
57.7
57.707
57.713
57.72
57.727
57.733
57.74
57.747
57.753
57.76
57.767
57.773
57.78
57.787
57.793
57.8
57.807
57.813
57.82
57.827
57.833
57.84
57.847
57.853
57.86
57.867
57.873
57.88
57.887
57.893
57.9
57.907
57.913
57.92
57.927
57.933
57.94
57.947
57.953
57.96
57.967
57.973
57.98
57.987
57.993
58
58.007
58.013
58.02
58.027
58.033
58.04
58.047
58.053
58.06
58.067
58.074
58.08
58.087
58.094
58.1
58.107
58.114
58.12
58.127
58.134
58.14
58.147
58.154
58.16
58.167
58.174
58.18
58.187
58.194
58.2
58.207
58.214
58.22
58.227
58.234
58.24
58.247
58.254
58.26
58.267
58.274
58.28
58.287
58.294
58.3
58.307
58.314
58.32
58.327
58.334
58.34
58.347
58.354
58.36
58.367
58.374
58.38
58.387
58.394
58.4
58.407
58.414
58.42
58.427
58.434
58.44
58.447
58.454
58.46
58.467
58.474
58.48
58.487
58.494
58.5
58.507
58.514
58.52
58.527
58.534
58.54
58.547
58.554
58.561
58.567
58.574
58.581
58.587
58.594
58.601
58.607
58.614
58.621
58.627
58.634
58.641
58.647
58.654
58.661
58.667
58.674
58.681
58.687
58.694
58.701
58.707
58.714
58.721
58.727
58.734
58.741
58.747
58.754
58.761
58.767
58.774
58.781
58.787
58.794
58.801
58.807
58.814
58.821
58.827
58.834
58.841
58.847
58.854
58.861
58.867
58.874
58.881
58.887
58.894
58.901
58.907
58.914
58.921
58.927
58.934
58.941
58.947
58.954
58.961
58.967
58.974
58.981
58.987
58.994
59.001
59.007
59.014
59.021
59.028
59.034
59.041
59.048
59.054
59.061
59.068
59.074
59.081
59.088
59.094
59.101
59.108
59.114
59.121
59.128
59.134
59.141
59.148
59.154
59.161
59.168
59.174
59.181
59.188
59.194
59.201
59.208
59.214
59.221
59.228
59.234
59.241
59.248
59.254
59.261
59.268
59.274
59.281
59.288
59.294
59.301
59.308
59.314
59.321
59.328
59.334
59.341
59.348
59.354
59.361
59.368
59.374
59.381
59.388
59.394
59.401
59.408
59.414
59.421
59.428
59.434
59.441
59.448
59.454
59.461
59.468
59.474
59.481
59.488
59.494
59.501
59.508
59.515
59.521
59.528
59.535
59.541
59.548
59.555
59.561
59.568
59.575
59.581
59.588
59.595
59.601
59.608
59.615
59.621
59.628
59.635
59.641
59.648
59.655
59.661
59.668
59.675
59.681
59.688
59.695
59.701
59.708
59.715
59.721
59.728
59.735
59.741
59.748
59.755
59.761
59.768
59.775
59.781
59.788
59.795
59.801
59.808
59.815
59.821
59.828
59.835
59.841
59.848
59.855
59.861
59.868
59.875
59.881
59.888
59.895
59.901
59.908
59.915
59.921
59.928
59.935
59.941
59.948
59.955
59.961
59.968
59.975
59.981
59.988
59.995
60.002
60.008
60.015
60.022
60.028
60.035
60.042
60.048
60.055
60.062
60.068
60.075
60.082
60.088
60.095
60.102
60.108
60.115
60.122
60.128
60.135
60.142
60.148
60.155
60.162
60.168
60.175
60.182
60.188
60.195
60.202
60.208
60.215
60.222
60.228
60.235
60.242
60.248
60.255
60.262
60.268
60.275
60.282
60.288
60.295
60.302
60.308
60.315
60.322
60.328
60.335
60.342
60.348
60.355
60.362
60.368
60.375
60.382
60.388
60.395
60.402
60.408
60.415
60.422
60.428
60.435
60.442
60.448
60.455
60.462
60.468
60.475
60.482
60.489
60.495
60.502
60.509
60.515
60.522
60.529
60.535
60.542
60.549
60.555
60.562
60.569
60.575
60.582
60.589
60.595
60.602
60.609
60.615
60.622
60.629
60.635
60.642
60.649
60.655
60.662
60.669
60.675
60.682
60.689
60.695
60.702
60.709
60.715
60.722
60.729
60.735
60.742
60.749
60.755
60.762
60.769
60.775
60.782
60.789
60.795
60.802
60.809
60.815
60.822
60.829
60.835
60.842
60.849
60.855
60.862
60.869
60.875
60.882
60.889
60.895
60.902
60.909
60.915
60.922
60.929
60.935
60.942
60.949
60.956
60.962
60.969
60.976
60.982
60.989
60.996
61.002
61.009
61.016
61.022
61.029
61.036
61.042
61.049
61.056
61.062
61.069
61.076
61.082
61.089
61.096
61.102
61.109
61.116
61.122
61.129
61.136
61.142
61.149
61.156
61.162
61.169
61.176
61.182
61.189
61.196
61.202
61.209
61.216
61.222
61.229
61.236
61.242
61.249
61.256
61.262
61.269
61.276
61.282
61.289
61.296
61.302
61.309
61.316
61.322
61.329
61.336
61.342
61.349
61.356
61.362
61.369
61.376
61.382
61.389
61.396
61.402
61.409
61.416
61.422
61.429
61.436
61.443
61.449
61.456
61.463
61.469
61.476
61.483
61.489
61.496
61.503
61.509
61.516
61.523
61.529
61.536
61.543
61.549
61.556
61.563
61.569
61.576
61.583
61.589
61.596
61.603
61.609
61.616
61.623
61.629
61.636
61.643
61.649
61.656
61.663
61.669
61.676
61.683
61.689
61.696
61.703
61.709
61.716
61.723
61.729
61.736
61.743
61.749
61.756
61.763
61.769
61.776
61.783
61.789
61.796
61.803
61.809
61.816
61.823
61.829
61.836
61.843
61.849
61.856
61.863
61.869
61.876
61.883
61.889
61.896
61.903
61.909
61.916
61.923
61.93
61.936
61.943
61.95
61.956
61.963
61.97
61.976
61.983
61.99
61.996
62.003
62.01
62.016
62.023
62.03
62.036
62.043
62.05
62.056
62.063
62.07
62.076
62.083
62.09
62.096
62.103
62.11
62.116
62.123
62.13
62.136
62.143
62.15
62.156
62.163
62.17
62.176
62.183
62.19
62.196
62.203
62.21
62.216
62.223
62.23
62.236
62.243
62.25
62.256
62.263
62.27
62.276
62.283
62.29
62.296
62.303
62.31
62.316
62.323
62.33
62.336
62.343
62.35
62.356
62.363
62.37
62.376
62.383
62.39
62.396
62.403
62.41
62.417
62.423
62.43
62.437
62.443
62.45
62.457
62.463
62.47
62.477
62.483
62.49
62.497
62.503
62.51
62.517
62.523
62.53
62.537
62.543
62.55
62.557
62.563
62.57
62.577
62.583
62.59
62.597
62.603
62.61
62.617
62.623
62.63
62.637
62.643
62.65
62.657
62.663
62.67
62.677
62.683
62.69
62.697
62.703
62.71
62.717
62.723
62.73
62.737
62.743
62.75
62.757
62.763
62.77
62.777
62.783
62.79
62.797
62.803
62.81
62.817
62.823
62.83
62.837
62.843
62.85
62.857
62.863
62.87
62.877
62.884
62.89
62.897
62.904
62.91
62.917
62.924
62.93
62.937
62.944
62.95
62.957
62.964
62.97
62.977
62.984
62.99
62.997
63.004
63.01
63.017
63.024
63.03
63.037
63.044
63.05
63.057
63.064
63.07
63.077
63.084
63.09
63.097
63.104
63.11
63.117
63.124
63.13
63.137
63.144
63.15
63.157
63.164
63.17
63.177
63.184
63.19
63.197
63.204
63.21
63.217
63.224
63.23
63.237
63.244
63.25
63.257
63.264
63.27
63.277
63.284
63.29
63.297
63.304
63.31
63.317
63.324
63.33
63.337
63.344
63.35
63.357
63.364
63.371
63.377
63.384
63.391
63.397
63.404
63.411
63.417
63.424
63.431
63.437
63.444
63.451
63.457
63.464
63.471
63.477
63.484
63.491
63.497
63.504
63.511
63.517
63.524
63.531
63.537
63.544
63.551
63.557
63.564
63.571
63.577
63.584
63.591
63.597
63.604
63.611
63.617
63.624
63.631
63.637
63.644
63.651
63.657
63.664
63.671
63.677
63.684
63.691
63.697
63.704
63.711
63.717
63.724
63.731
63.737
63.744
63.751
63.757
63.764
63.771
63.777
63.784
63.791
63.797
63.804
63.811
63.817
63.824
63.831
63.837
63.844
63.851
63.858
63.864
63.871
63.878
63.884
63.891
63.898
63.904
63.911
63.918
63.924
63.931
63.938
63.944
63.951
63.958
63.964
63.971
63.978
63.984
63.991
63.998
64.004
64.011
64.018
64.024
64.031
64.038
64.044
64.051
64.058
64.064
64.071
64.078
64.084
64.091
64.098
64.104
64.111
64.118
64.124
64.131
64.138
64.144
64.151
64.158
64.164
64.171
64.178
64.184
64.191
64.198
64.204
64.211
64.218
64.224
64.231
64.238
64.244
64.251
64.258
64.264
64.271
64.278
64.284
64.291
64.298
64.304
64.311
64.318
64.325
64.331
64.338
64.345
64.351
64.358
64.365
64.371
64.378
64.385
64.391
64.398
64.405
64.411
64.418
64.425
64.431
64.438
64.445
64.451
64.458
64.465
64.471
64.478
64.485
64.491
64.498
64.505
64.511
64.518
64.525
64.531
64.538
64.545
64.551
64.558
64.565
64.571
64.578
64.585
64.591
64.598
64.605
64.611
64.618
64.625
64.631
64.638
64.645
64.651
64.658
64.665
64.671
64.678
64.685
64.691
64.698
64.705
64.711
64.718
64.725
64.731
64.738
64.745
64.751
64.758
64.765
64.771
64.778
64.785
64.791
64.798
64.805
64.812
64.818
64.825
64.832
64.838
64.845
64.852
64.858
64.865
64.872
64.878
64.885
64.892
64.898
64.905
64.912
64.918
64.925
64.932
64.938
64.945
64.952
64.958
64.965
64.972
64.978
64.985
64.992
64.998
65.005
65.012
65.018
65.025
65.032
65.038
65.045
65.052
65.058
65.065
65.072
65.078
65.085
65.092
65.098
65.105
65.112
65.118
65.125
65.132
65.138
65.145
65.152
65.158
65.165
65.172
65.178
65.185
65.192
65.198
65.205
65.212
65.218
65.225
65.232
65.238
65.245
65.252
65.258
65.265
65.272
65.278
65.285
65.292
65.299
65.305
65.312
65.319
65.325
65.332
65.339
65.345
65.352
65.359
65.365
65.372
65.379
65.385
65.392
65.399
65.405
65.412
65.419
65.425
65.432
65.439
65.445
65.452
65.459
65.465
65.472
65.479
65.485
65.492
65.499
65.505
65.512
65.519
65.525
65.532
65.539
65.545
65.552
65.559
65.565
65.572
65.579
65.585
65.592
65.599
65.605
65.612
65.619
65.625
65.632
65.639
65.645
65.652
65.659
65.665
65.672
65.679
65.685
65.692
65.699
65.705
65.712
65.719
65.725
65.732
65.739
65.745
65.752
65.759
65.765
65.772
65.779
65.786
65.792
65.799
65.806
65.812
65.819
65.826
65.832
65.839
65.846
65.852
65.859
65.866
65.872
65.879
65.886
65.892
65.899
65.906
65.912
65.919
65.926
65.932
65.939
65.946
65.952
65.959
65.966
65.972
65.979
65.986
65.992
65.999
66.006
66.012
66.019
66.026
66.032
66.039
66.046
66.052
66.059
66.066
66.072
66.079
66.086
66.092
66.099
66.106
66.112
66.119
66.126
66.132
66.139
66.146
66.152
66.159
66.166
66.172
66.179
66.186
66.192
66.199
66.206
66.212
66.219
66.226
66.232
66.239
66.246
66.253
66.259
66.266
66.273
66.279
66.286
66.293
66.299
66.306
66.313
66.319
66.326
66.333
66.339
66.346
66.353
66.359
66.366
66.373
66.379
66.386
66.393
66.399
66.406
66.413
66.419
66.426
66.433
66.439
66.446
66.453
66.459
66.466
66.473
66.479
66.486
66.493
66.499
66.506
66.513
66.519
66.526
66.533
66.539
66.546
66.553
66.559
66.566
66.573
66.579
66.586
66.593
66.599
66.606
66.613
66.619
66.626
66.633
66.639
66.646
66.653
66.659
66.666
66.673
66.679
66.686
66.693
66.699
66.706
66.713
66.719
